"baseMean" "log2FoldChange" "lfcSE" "pvalue" "padj"
"ENSMUSG00000000184" 5829.21323394326 2.73981475798568 1.75276492749058 0.00222308113205905 0.0214713736667815
"ENSMUSG00000000627" 416.318630889027 2.67628999475793 2.16653248384864 0.00294681174841407 0.0262938264554419
"ENSMUSG00000001288" 93.3947454738436 2.40731952029667 1.0115803417609 0.00064617242595413 0.00859323868075139
"ENSMUSG00000001444" 14.5615252083417 -1.63397647522055 1.39360481163735 0.00688936833950187 0.048986486451998
"ENSMUSG00000003273" 5.44701684810669 3.71744679964621 1.31501046449405 0.000409973950719221 0.00608936327243869
"ENSMUSG00000003418" 1710.89466873532 4.78910711269364 1.26687249900318 5.09814312121753e-06 0.00017586853787613
"ENSMUSG00000004347" 9.06033922141788 -2.52893305388384 1.02890563700365 0.000684221464517019 0.00892445974607268
"ENSMUSG00000005220" 13.5229539161853 3.24321053933029 1.14311184478132 0.000215339053248902 0.00360354218661139
"ENSMUSG00000005947" 102.203578808203 -1.48816735468151 1.04262109449306 0.00606665950641539 0.0446555521095264
"ENSMUSG00000006362" 589.723541611606 -5.73805357057056 1.49310019481189 3.07241575185006e-06 0.000115016452636387
"ENSMUSG00000007682" 37.5553834061706 -3.33624412012957 1.04754998002413 5.26420621603114e-05 0.00119166773412172
"ENSMUSG00000011008" 24.8907630848119 -2.02315808575917 1.11780703679008 0.0023774962633077 0.0225427237161188
"ENSMUSG00000015340" 20.1206618287401 -2.15698926940715 1.14107415598308 0.00199065385824625 0.0197939339618534
"ENSMUSG00000016179" 27.4141661930925 -2.09188821490219 1.21530616763895 0.00256912635652594 0.0238042123674086
"ENSMUSG00000017417" 453.458380186436 -5.25128010153795 1.53911138141221 1.52306116403988e-05 0.000439210862069417
"ENSMUSG00000018554" 17.6588636427095 -5.19693367553468 1.61565371257411 8.035264212096e-05 0.00164572306025857
"ENSMUSG00000018930" 13.8058628064489 -3.48327837612184 1.42516453524052 0.000520785449735099 0.00730069345665846
"ENSMUSG00000019831" 8.16006409608088 -5.14724753605205 1.41475405989788 2.48695434363591e-06 9.70536333138995e-05
"ENSMUSG00000019945" 3.8915316588297 3.94388549895989 1.56802470296572 0.000301932226351023 0.00472046400285068
"ENSMUSG00000020019" 3.4209761121717 3.23990478287052 2.02490549110541 0.00256941832231935 0.0238042123674086
"ENSMUSG00000020592" 9.66270483382564 -3.86203448826212 1.28339144334448 0.000179074170738408 0.00308609067474588
"ENSMUSG00000020829" 5.27307124169803 2.66609413044514 1.12745153097135 0.00111961045423991 0.0130149081842782
"ENSMUSG00000020846" 1035.48547463262 5.2740552365068 1.7002298391786 4.41182154849798e-05 0.00102042302749298
"ENSMUSG00000020895" 9.16514833388136 -2.25406175701831 1.34839348860149 0.00313730110512662 0.0275741486261455
"ENSMUSG00000020940" 11.7985929030429 2.45336614662085 1.26094190067846 0.00181039929652437 0.018615067029115
"ENSMUSG00000021090" 7.35242984047372 -1.7388687638104 1.11872577952451 0.00508550232505153 0.0393978683352375
"ENSMUSG00000021136" 262.694066146184 -0.542920554520495 1.22001756201042 4.29007977764678e-05 0.000997974254374335
"ENSMUSG00000021279" 6.70692171599515 1.88061962848181 1.08820356273891 0.00378758276119112 0.0317833065659936
"ENSMUSG00000021338" 11.8569488511119 -1.7056630458942 1.16634123962536 0.00519480995495704 0.0399548899301693
"ENSMUSG00000021423" 4.77957199514502 -2.00800766506346 1.34573134936034 0.00577473052647881 0.04309388140716
"ENSMUSG00000021556" 134.451949172132 2.74297907317566 1.15781057755341 0.000570010841437557 0.007818823729797
"ENSMUSG00000021565" 487.21170371026 -7.20604185319363 1.52015046354789 6.05624417105021e-08 4.17839508251809e-06
"ENSMUSG00000021846" 41.211844047325 -3.81465940421383 1.02338396516912 7.43173433005554e-06 0.000242937653807922
"ENSMUSG00000022375" 2.77609013998881 2.86323028999491 1.95623244100475 0.0032081303437053 0.0280260824969761
"ENSMUSG00000022469" 519.943829705735 -6.8312193031601 1.39621424348776 2.96291905191339e-08 2.28608429902402e-06
"ENSMUSG00000022623" 50.2168285183868 -3.95269248675911 1.14476414040404 1.9338705929443e-05 0.00053625780571151
"ENSMUSG00000023191" 50.0564696057783 -3.37885225346539 1.06868456925424 5.45672748035379e-05 0.0012256416223928
"ENSMUSG00000023868" 27.422861710574 -6.80503016950207 1.80076459758696 1.62888600493309e-06 6.71998583463723e-05
"ENSMUSG00000024253" 7.29783843663647 -2.90591403582992 1.25444703945684 0.00102727141846894 0.0121653730078205
"ENSMUSG00000024546" 8.13645252856039 4.45541573105218 1.22092437393384 2.9641746711277e-05 0.000747142032130256
"ENSMUSG00000024565" 10.2825012928061 -3.65517958069322 1.10265315537144 6.46301522593528e-05 0.00139882069370751
"ENSMUSG00000024620" 7.55393974089794 -3.48941204790094 1.19477695887507 0.000261860923492482 0.00423142971095166
"ENSMUSG00000024866" 7.72363049949291 -3.09379519274566 1.66524651141645 0.00223220854247516 0.0215081485634583
"ENSMUSG00000024899" 406.373210700131 -0.689513231091266 1.61876191723371 0.00706830019569154 0.0498033072345432
"ENSMUSG00000024924" 3.86817437045051 -5.12539362798398 2.9808009698334 0.000992419943545076 0.0118568375642812
"ENSMUSG00000025014" 8910.99674288528 -5.37471198176957 1.23750951146381 4.26705150220113e-07 2.11233771380204e-05
"ENSMUSG00000025017" 36.9214149876503 -2.47508167792452 1.05512673871746 0.000674771749901445 0.00883452780068505
"ENSMUSG00000025089" 28.3062462215978 -4.15677084283493 1.32966732846424 5.94395285534397e-05 0.0013117577180216
"ENSMUSG00000025586" 23.1557895345414 -5.880159577616 1.40073374355786 3.16411625047635e-06 0.000118012195578191
"ENSMUSG00000025644" 3.8968447050781 -2.1458189777022 1.38763215865398 0.00625342476248791 0.0457024517620004
"ENSMUSG00000025754" 4.80996986708293 2.04736415410278 1.26877976875191 0.00493501748733427 0.0385030407203637
"ENSMUSG00000025932" 5.3140291138723 -4.37529206306721 1.50052203178396 7.12397158392105e-05 0.00149544221774625
"ENSMUSG00000026073" 14.2655895987811 -4.62459879060329 1.84763534137652 0.000509354298183158 0.00719538584051191
"ENSMUSG00000026582" 26.8449633122181 5.23814509695872 1.30356184746529 3.20243004924889e-06 0.000119221221815039
"ENSMUSG00000026602" 160.042073653055 -5.10149516508594 1.37886364712555 6.07306909171098e-06 0.000204271367202891
"ENSMUSG00000026640" 5.89860157492109 -4.39680747472639 1.60271199711331 0.000121883279177646 0.00230053266907201
"ENSMUSG00000026656" 4.94968766582736 -4.24989063666984 1.48003339770281 8.34605884547973e-05 0.00169393152170053
"ENSMUSG00000026989" 161.541864200217 8.8575381738675 1.70473213989396 1.2582809529993e-08 1.11562059056495e-06
"ENSMUSG00000027075" 920.480811408385 -5.8940594762493 1.50905520974136 2.32020024100952e-06 9.0721175767906e-05
"ENSMUSG00000027220" 458.469063409003 -6.35285186566343 1.23965813163238 9.79177594650863e-09 8.95659505695348e-07
"ENSMUSG00000027233" 16.8588637085563 -1.63454200991089 1.28573892061924 0.00645014212754197 0.0467178871760161
"ENSMUSG00000027596" 14.9981319131592 -4.77631676931959 1.08545925572375 1.57821247798589e-06 6.53761582837803e-05
"ENSMUSG00000027799" 4.00324634397858 -2.16267483812732 1.37573288274454 0.00580622863100644 0.0432631447754498
"ENSMUSG00000027857" 35.0579343483508 -6.52828079863895 1.32730025245216 1.25374006504557e-07 7.87091783071308e-06
"ENSMUSG00000028023" 3.68509624601477 -3.47715509488147 1.68323381181533 0.000978593965757853 0.0117332603901512
"ENSMUSG00000028037" 138.07595922623 3.49924839215713 1.57633645158449 0.000595184812122553 0.00806411593636555
"ENSMUSG00000028427" 4.88850794715794 2.47379312215973 1.2053581767121 0.00221617413263912 0.021425136342085
"ENSMUSG00000028517" 5.58361486849349 -6.03406084898814 2.91879595714389 0.000188850787964072 0.00321105352722954
"ENSMUSG00000028518" 6.46373438324359 -4.3978999609345 1.76131388535428 0.000265485818252496 0.00427633132746949
"ENSMUSG00000028602" 21.0091356335894 -3.78842732838485 1.24381375925174 8.88343990039715e-05 0.00177274173333197
"ENSMUSG00000029086" 5.76246765511638 3.38138806405494 1.07937268829305 0.000188343973129602 0.00321026426375625
"ENSMUSG00000029223" 15.2605890856391 -6.13797472297393 1.48376894233318 1.84005571120705e-07 1.10066586745174e-05
"ENSMUSG00000029570" 640.72485833811 2.43108012664172 2.29226870019989 0.0036649508535006 0.030934021504599
"ENSMUSG00000030281" 29.003458823464 -2.59026045602066 1.09319343014056 0.000627885453927727 0.00841574282042262
"ENSMUSG00000030342" 130.679730216054 1.80079139563951 1.04692388153064 0.00321621494207127 0.0280724460509373
"ENSMUSG00000030409" 18.2780266469898 -4.92313283474027 1.26712633720081 7.9585844096003e-06 0.000255965032185722
"ENSMUSG00000030607" 28.3233969975348 -9.3157878634893 2.99673835870005 5.07646053304603e-10 7.02881162161134e-08
"ENSMUSG00000030651" 475.225811388252 4.56287560873953 1.38199883836281 2.79385536644327e-05 0.000715814781148931
"ENSMUSG00000030693" 4.0119237798689 2.8709800654098 1.59667562998329 0.0035023506706104 0.0299717565929444
"ENSMUSG00000030789" 7.31984145261146 -3.8338944074199 1.49105014282102 0.000687735685865877 0.00896362146342921
"ENSMUSG00000031294" 6.88554957934078 1.63244555121561 1.01840107660359 0.00547463763779425 0.0414366749201514
"ENSMUSG00000031562" 59.7535052122345 1.67119691857526 1.1385341668068 0.00496706612772825 0.0386933494304534
"ENSMUSG00000031639" 7.65066613574369 2.33067077179834 1.1969932236216 0.00214967330114107 0.0209223138096132
"ENSMUSG00000031661" 7.38403490577631 -3.93821481096536 1.402329069495 0.000410871026453298 0.00609546987839554
"ENSMUSG00000031714" 6.07164805022221 -6.2699415856466 2.87412149907243 8.40988727125263e-05 0.00170082514479519
"ENSMUSG00000031785" 165.686378157506 -1.88346584827563 1.16187499203304 0.0032385883384067 0.0281704230898844
"ENSMUSG00000031871" 5.69875202755055 3.3443744932659 1.70753191489419 0.00209220111373947 0.0204713676254808
"ENSMUSG00000032013" 4.21078361951084 -5.44968335395394 2.89133432045476 0.00047623151596995 0.00684223176640549
"ENSMUSG00000032076" 3.4105494689201 -2.87754016356915 2.16485084497191 0.00364589780456724 0.0308504914689522
"ENSMUSG00000032092" 26.8375387825138 -4.04722927668889 1.011747574109 3.232799185935e-06 0.000120130580043522
"ENSMUSG00000032292" 2.95465467016593 5.02892244685868 2.73752798655717 0.00057260600093995 0.00784229695731782
"ENSMUSG00000032323" 14.2777002378327 -7.94632808853962 2.98835189825932 1.45423317939976e-06 6.12444244199293e-05
"ENSMUSG00000032327" 6.03278244416592 6.62408638505345 2.71401188685629 9.28238835296786e-06 0.000288879811903899
"ENSMUSG00000032503" 7544.91421351807 -6.94556956074832 1.31471542052548 3.9233866378367e-09 4.1602647943902e-07
"ENSMUSG00000032528" 874.487517011771 2.41130607050265 1.56878776210892 0.00269132925934026 0.0246066128347189
"ENSMUSG00000032936" 26.7804987532152 -6.9923098799364 1.53579494846748 1.61178443421219e-08 1.37477731382276e-06
"ENSMUSG00000033066" 4.14327120160073 -2.54496865556244 1.7522592851467 0.00597758097273675 0.0442065150909185
"ENSMUSG00000034009" 23.3564565154016 -3.36415794129236 1.04943441878862 5.34436356794761e-05 0.00120576238310336
"ENSMUSG00000034037" 7.77249273635823 -1.9660011086868 1.58129917512367 0.00577001505724933 0.04309388140716
"ENSMUSG00000034041" 6.64651008844964 -3.97847292500231 1.20782706669817 0.000145446302100081 0.00262049643222205
"ENSMUSG00000034450" 5.88325805664816 -2.73478882766534 1.03654014315297 0.000622058159636257 0.00836097453261099
"ENSMUSG00000034485" 7.11236383602767 -3.30383469341967 1.25393006787031 0.000531424600725147 0.00741390497146918
"ENSMUSG00000034634" 1009.06047367193 -6.67763878350081 1.48929648897575 1.91720587104109e-07 1.13322563400865e-05
"ENSMUSG00000034758" 70.3446093769552 -2.25644469491729 1.2002287362239 0.00174295456645994 0.0180408738151499
"ENSMUSG00000034842" 6.68272995228151 3.64844191341035 1.09140148876491 9.68780112134532e-05 0.00190134854046598
"ENSMUSG00000034853" 37.84531908518 1.62769363073439 1.01735565029708 0.00450892809966312 0.0360081622932291
"ENSMUSG00000035211" 328.320655720875 -2.69294125288139 1.61915159808114 0.00181677458151728 0.0186403841075385
"ENSMUSG00000035498" 13.9030711868349 2.44632785655891 1.1623953836757 0.00128382932266592 0.0144744058882831
"ENSMUSG00000036106" 4.73918604676177 -2.82581958425804 1.65206793690846 0.0038306402754286 0.0320849015078426
"ENSMUSG00000036172" 11.8214057898297 5.76990461775334 1.6222333885487 4.38021198415956e-06 0.000154435500615612
"ENSMUSG00000036492" 16.8151727195091 -1.57391921305082 1.00033717727392 0.00501000326590924 0.0389827621325463
"ENSMUSG00000036523" 14.2068569296574 -4.99560979686448 1.41469662782217 3.56889265712998e-05 0.000866088416133045
"ENSMUSG00000036594" 121.353862677715 -1.99435699008541 1.08669685880573 0.00221427606868658 0.0214170290566982
"ENSMUSG00000036862" 7.026684691762 -1.82828684754843 1.01340720807418 0.00357308864511557 0.0303487340172316
"ENSMUSG00000036896" 9.88544503201597 -2.79932337261711 1.16464664203359 0.000692084374356383 0.00900868359794866
"ENSMUSG00000037129" 5.80485714640202 3.84455473883749 1.29386667533074 0.000275740385659741 0.00440639675581949
"ENSMUSG00000037206" 5.74121704365075 -1.85621651760503 1.11228685944674 0.00458260508192897 0.0364570490874436
"ENSMUSG00000037463" 42.6067580632612 -1.97853114961059 1.05781697461325 0.00217891812757545 0.0211541941032596
"ENSMUSG00000037681" 2.62941930572194 -2.68301546278468 1.85652709124761 0.00375190911712976 0.0315434389331532
"ENSMUSG00000037705" 5.68489252469165 -2.68835458377665 1.53571950019928 0.00335221486164372 0.0289273791636364
"ENSMUSG00000037801" 9.07805457834838 -1.56721434225358 1.01065181844697 0.00581993909724329 0.0433014607474322
"ENSMUSG00000037902" 8.07209440471074 -2.63693012167725 1.28006495300514 0.00157137490758415 0.0168070601887903
"ENSMUSG00000037944" 4769.44553809293 2.33637988074354 1.02761266367592 0.000851477545095133 0.0106119719938953
"ENSMUSG00000037989" 4.24411168733085 -0.552719520792864 1.10910921236709 0.00368713532819019 0.0310785233673711
"ENSMUSG00000038233" 8.20455067413333 -2.67649225547004 1.25465393637449 0.00133936084224524 0.0149421520010968
"ENSMUSG00000038642" 1373.52625666156 3.00003612888505 1.4440319170743 0.000930568630318258 0.0113117527732313
"ENSMUSG00000038677" 19.6724279129661 -3.92102770227274 1.00363821771144 5.24222605684886e-06 0.000179917826382342
"ENSMUSG00000039043" 9.1163103465261 -1.99535571940542 1.14434779080676 0.00323564907811703 0.0281569720680739
"ENSMUSG00000039196" 17.8979169861551 2.08593670098986 1.31781741457472 0.0031026023223771 0.0273047914439935
"ENSMUSG00000039264" 6550.13529423069 2.08577574830596 2.05989070370877 0.00479146225473822 0.0377119586254181
"ENSMUSG00000039542" 28.3538872990683 -3.40660364223125 1.07990155216101 6.09608020099633e-05 0.00133657550176942
"ENSMUSG00000039683" 12.5285830007155 -4.14558393490865 1.40041803517575 0.000161118622576097 0.0028395928120103
"ENSMUSG00000039783" 41.9760913178262 -3.58896467290513 1.06187122628945 2.5906507095441e-05 0.000679884929054493
"ENSMUSG00000040364" 3.70134214888701 5.66575840102044 2.63728298144444 8.41367867818545e-05 0.00170082514479519
"ENSMUSG00000040488" 5.47581255958748 -2.97609523456341 1.78003168064096 0.00362720528307502 0.0307180372004028
"ENSMUSG00000040663" 826.261218302105 3.6532845472359 1.59595139006844 0.000490095224320155 0.00698660762933861
"ENSMUSG00000040729" 5.54595737232815 -2.46105726498265 1.1732311977431 0.00194770278900651 0.0195814178470791
"ENSMUSG00000040838" 31.2892580449273 1.60647057938502 1.09557704307018 0.00545454890821394 0.0413437218520978
"ENSMUSG00000040966" 14.9388328280898 1.90445031878812 1.54829035790094 0.00528596904739774 0.0403991925493933
"ENSMUSG00000041235" 2727.4211320637 2.62899542902059 1.59400471013985 0.00210592969507209 0.0205658786405228
"ENSMUSG00000041377" 5.06774657799721 6.14538675430596 2.79184935672764 8.28388728293202e-05 0.00168300282838664
"ENSMUSG00000041592" 2.63307775024677 0.843361691616061 3.77220042278163 0.00619667835753229 0.0454190910070758
"ENSMUSG00000041911" 5.31223587286141 -2.78102693827008 1.29824265429635 0.00189362337142213 0.0191707822632786
"ENSMUSG00000042129" 8.43022125291591 -3.11294928902527 1.28648169670903 0.000731385866867638 0.00939921506594362
"ENSMUSG00000042249" 4.12226468854656 -3.73922131447735 1.67233564722964 0.000657772943440903 0.00866638823727694
"ENSMUSG00000042279" 9.72721358885223 -3.72877562131806 1.46887209797825 0.000570451537689071 0.007818823729797
"ENSMUSG00000042364" 2878.2574381235 -1.40270113736599 1.01385331471027 0.00695262423082729 0.0493128435776783
"ENSMUSG00000042453" 8.16407386546899 -3.79718449680742 1.04475415503485 3.58557799327845e-05 0.000868053402803879
"ENSMUSG00000042564" 30.3825005056216 -3.39172608670933 1.10281885676925 7.75589335328173e-05 0.00159659250648259
"ENSMUSG00000042821" 20.3948502657215 -2.56133559942791 1.26225966754413 0.00129992015066329 0.0145826225558593
"ENSMUSG00000043085" 3.60584894867469 -4.99435410685629 2.98476540978686 0.00119662127893292 0.0136775438117036
"ENSMUSG00000043088" 128.559339105993 -5.07506179970217 1.53096928739408 2.32946221926426e-05 0.000621241144623048
"ENSMUSG00000043460" 12.0431953924745 1.81783237872117 2.18489822873526 0.0067817574662459 0.0484086254167235
"ENSMUSG00000043993" 4.7879262933639 -3.88565316613315 1.72527627204192 0.00055932029266508 0.00771785646158675
"ENSMUSG00000044703" 14.6050721721721 3.93359607540507 1.00266928027453 6.32199535097031e-06 0.000210889663399117
"ENSMUSG00000044827" 560.070300740321 4.56255604305636 1.74708417875937 0.000187832948403478 0.00320696203714215
"ENSMUSG00000045103" 6.79904332908733 -3.63036439580892 1.57024326878705 0.00118765395670176 0.0136179380231004
"ENSMUSG00000045257" 9.85769890024763 -2.47835771336019 1.22482263396754 0.00160998910782087 0.0170763396777419
"ENSMUSG00000045591" 84.2015425059994 -5.65215750738903 1.02704455412137 1.8213843295337e-09 2.11605081732895e-07
"ENSMUSG00000045658" 13.2823646260404 3.52277066286932 1.26919045972333 0.000237970938473145 0.00392700613978336
"ENSMUSG00000046463" 17.4588438518059 -6.28922730346566 1.53841613496706 2.45610577166234e-07 1.3597351234282e-05
"ENSMUSG00000046687" 10.1818835214899 1.61013333054005 1.08941019307635 0.00606820685851442 0.0446555521095264
"ENSMUSG00000046807" 39.7638780988601 7.79707852260529 1.52791671923852 4.12560958425425e-10 6.08753268216785e-08
"ENSMUSG00000046881" 11.231909245439 4.02315076638428 1.15929200736932 3.95137249700341e-05 0.000935327810619717
"ENSMUSG00000046991" 39.9421192915089 -2.79421814669012 1.43327989652129 0.00124932341816389 0.0141564309967394
"ENSMUSG00000047180" 450.903488522572 2.17514831212279 1.94662405001835 0.00422482423833269 0.0344374282168933
"ENSMUSG00000047501" 33.3084367393804 -4.20522104719839 1.45642548918697 0.000120759499819235 0.00228572405322643
"ENSMUSG00000047591" 15.2688479190289 -1.98040044251098 1.44395204734171 0.00447282051916864 0.0358615229273321
"ENSMUSG00000047712" 78.8554656568287 3.42624462794514 1.00601347961804 2.55837638061884e-05 0.000672530280028736
"ENSMUSG00000047907" 8.15753033801565 -3.43234080612605 1.39786272168942 0.000722111926090895 0.00931556642369333
"ENSMUSG00000048058" 615.786421140218 -5.50591013204512 1.31986804817918 8.70634908480335e-07 3.94616248316816e-05
"ENSMUSG00000048480" 3.88991040050608 5.80920114291417 2.6187732701228 4.77132657170895e-05 0.00109232578309282
"ENSMUSG00000048960" 4.86730375808036 4.30745700907166 1.61044987439204 0.000175616350446559 0.00304206043211414
"ENSMUSG00000049811" 7.86917276778959 1.75580880802833 1.13485663351517 0.00508673936952608 0.0393978683352375
"ENSMUSG00000049929" 11.7991945527799 -7.41072840461022 3.09419590732422 2.81946032269406e-05 0.000720548551495074
"ENSMUSG00000050439" 7.80503717814497 3.20716419584693 1.35339567151323 0.000858780236111982 0.0106766558874562
"ENSMUSG00000052160" 35.8746020926874 -2.43980852205215 1.10494928933389 0.000906657651643927 0.0110944820992627
"ENSMUSG00000052212" 10.0650603803319 1.90756515581387 1.01833076072773 0.0025867062757255 0.023898659672665
"ENSMUSG00000052302" 149.904710753843 2.46697297884728 1.12944828832587 0.000944266372054955 0.0114369950336075
"ENSMUSG00000052629" 16.3957705860041 -8.32975511827646 2.91462262633291 4.328435661403e-08 3.05941702430985e-06
"ENSMUSG00000053111" 6.67436602350638 -6.25473693063449 3.05156072904645 0.000246542256887083 0.00404857452788438
"ENSMUSG00000053541" 3748.75621125949 2.05905552809554 1.61390854951203 0.00437419072270222 0.0352568841544758
"ENSMUSG00000053550" 17.4641036743674 3.46931348962266 1.12786321289235 9.55423530765418e-05 0.00188244509497299
"ENSMUSG00000053702" 1043.97237825332 -4.70689013384527 1.39919614873932 1.96003205827571e-05 0.000541915948533196
"ENSMUSG00000053783" 19.8291970347576 6.8498617599084 1.36088673104858 4.04438393304437e-10 6.01156038283028e-08
"ENSMUSG00000053977" 10411.9422615648 -0.636547781795778 2.23917225876793 4.89259460335686e-10 6.96505633146894e-08
"ENSMUSG00000054640" 2.97037957104731 -2.52401887276413 2.26862057442379 0.00475923383244959 0.0375503886307264
"ENSMUSG00000055446" 5.72678335942963 -4.3303225722216 1.6318032240709 0.000167836413619175 0.00293750052061612
"ENSMUSG00000055485" 8.59252110719762 -3.01891172587949 1.0555570618685 0.000254740901681006 0.00415624481636927
"ENSMUSG00000055567" 6.85773596517322 4.18972866985692 1.27459868260792 0.000109994889742774 0.00210962684644229
"ENSMUSG00000055872" 19.7123808154393 6.71648497838389 1.45205787810658 7.60267225597902e-09 7.24943488936867e-07
"ENSMUSG00000056832" 6.57802462055857 -1.98324608666348 1.69432441684419 0.00661758196412906 0.0476404627510217
"ENSMUSG00000056880" 24.9107612970577 2.46865655629699 1.22969219485614 0.00133758575419862 0.0149305886367339
"ENSMUSG00000057346" 9.20803539551504 3.03577807019724 1.17371809855163 0.000497968882304765 0.00706912988468456
"ENSMUSG00000058163" 5.49378284592272 3.17186715688218 1.26414840197373 0.000890242108124804 0.0109666326726038
"ENSMUSG00000059246" 9.7959097844244 -7.12209429277554 3.01716404714677 3.06064833135429e-05 0.000765730272504047
"ENSMUSG00000059631" 13.4431876309049 2.12006218836001 1.34518287231085 0.00331208134001477 0.0286648798935408
"ENSMUSG00000059887" 8.46480749436484 -4.56516796431968 2.05513464649569 0.000516779225202397 0.00726979264959391
"ENSMUSG00000060332" 3.56140063732091 -2.52780664954113 1.47279239249416 0.00510634780255485 0.0395043325023522
"ENSMUSG00000060509" 11.1587653452367 -1.5259775319423 1.02848863571377 0.00630607049624278 0.0459708673211496
"ENSMUSG00000060550" 283.5870573178 2.43734771999758 2.63384953477908 0.00376229501499589 0.0315973384828176
"ENSMUSG00000060594" 12.7574954821665 -2.98090556885854 1.46882643706779 0.00128652561237179 0.0144871715061151
"ENSMUSG00000060961" 20.7612664717765 2.27697200663218 1.06752186757669 0.00127394125415218 0.0143950377041287
"ENSMUSG00000061666" 132.098664407715 -1.90940247162589 1.07924375739362 0.00259979014689279 0.0240085691271986
"ENSMUSG00000061728" 3.11788526644808 3.14297115922847 1.94539776361429 0.00260753909447924 0.0240146298433933
"ENSMUSG00000062154" 2.78756023519211 -4.4793325785319 2.92197687702089 0.00181801092661143 0.0186403841075385
"ENSMUSG00000062488" 43.9457675386092 2.72738345629262 1.2774191466772 0.000962652038137868 0.0116109850542703
"ENSMUSG00000063430" 55.3452694717247 3.82899247004792 1.05094950551893 1.08055596180109e-05 0.000327774118613057
"ENSMUSG00000063522" 6.66228325616005 -4.25588425364589 1.92365436189028 0.000539160416626181 0.00750112031803045
"ENSMUSG00000064080" 48.397642623854 -5.98307834095401 1.31287840631226 2.91206726155956e-07 1.56650291276445e-05
"ENSMUSG00000065565" 2.9517642552469 -2.6228071831437 2.13357925764828 0.00433167006105403 0.0350399000737124
"ENSMUSG00000066026" 887.563291492665 -5.10524798071867 1.42065877242124 8.39335113439306e-06 0.000266360428856759
"ENSMUSG00000066721" 9.95049804671756 -2.44629487480114 1.28184544183741 0.00198408107755113 0.0197772184332821
"ENSMUSG00000067616" 5.33936416761663 2.68152294259651 1.58994222906213 0.00342449992779734 0.0294079294989054
"ENSMUSG00000068245" 18.7867385055315 2.61571881046347 1.02804946834635 0.000443206286253191 0.00646422444199729
"ENSMUSG00000068747" 155.73442243823 -2.62344817918428 1.03507800990366 0.000380754987078626 0.00573544118017469
"ENSMUSG00000069300" 20.0380498932806 -1.98981422730845 1.17089563348603 0.00292689779125255 0.0261570463528604
"ENSMUSG00000069805" 4.03272825093661 -5.36801218748515 2.85378285633892 0.000456313674666103 0.00661720296511856
"ENSMUSG00000069892" 436.224473188132 4.21433070389546 1.41234124331176 7.79726705250649e-05 0.00160022084737481
"ENSMUSG00000069893" 298.890498238308 4.44898398757999 1.38356869936418 3.74177261157706e-05 0.000893033451511574
"ENSMUSG00000070304" 72.3407810785779 -5.20111685407756 1.09026852119138 7.59468294309307e-08 5.11755052315421e-06
"ENSMUSG00000070802" 15.4982997543332 -5.11966136905564 1.47107601164127 4.14318783663272e-05 0.000970504543656205
"ENSMUSG00000070858" 3.07593644873091 -4.63320444654248 2.95095898416285 0.00160687736803067 0.0170693778217236
"ENSMUSG00000071185" 13.4495820695153 -5.73663091013307 1.67645284132462 7.82106252597789e-06 0.000253369838081159
"ENSMUSG00000071547" 35.1279290414767 -4.36875649383065 1.03525717478282 1.04476488074937e-06 4.59128740529316e-05
"ENSMUSG00000071713" 11.202282614868 -1.76185720797074 1.08183513356948 0.00425772054688471 0.0346496863346516
"ENSMUSG00000071715" 167.583538888155 2.09489538333866 1.21094235946573 0.00252598124367942 0.0235737319778074
"ENSMUSG00000071847" 34.0039217284453 -2.59392884407107 1.42297378122722 0.0016587647116648 0.0174282373421539
"ENSMUSG00000072591" 3.12639397245781 -0.550978153577659 1.13263750147439 0.00212908786099104 0.0207519339970752
"ENSMUSG00000073018" 11.6806978429048 -2.78846072222551 1.26376919186285 0.00101195916987316 0.0120333850699917
"ENSMUSG00000073491" 1670.62387917548 4.22085408890003 1.25766175460372 2.47170608914623e-05 0.000653144295321453
"ENSMUSG00000073529" 2.80758151158204 -2.74490667993671 1.87527714490309 0.00338097471213244 0.0290959573460014
"ENSMUSG00000073902" 3647.33286824723 3.0408982731822 1.74783423177601 0.00159802959120453 0.0170076893502282
"ENSMUSG00000074052" 8.00105522632809 1.59302119387373 1.20694296358954 0.00696380357299469 0.0493249086293229
"ENSMUSG00000074628" 32.1507176802592 3.25592885023735 1.20566686877112 0.000246421193155453 0.00404857452788438
"ENSMUSG00000074923" 48.8396561212969 -2.7280760844555 1.09687337757202 0.000422340339582669 0.00622022545085672
"ENSMUSG00000075602" 476.480261601023 2.16014998684155 1.02301255528472 0.00127773918415694 0.0144286909750059
"ENSMUSG00000076609" 92.5714114676688 -2.91760712788242 1.12798102835017 0.000304750274700317 0.00476083987872249
"ENSMUSG00000076612" 13.8409253546311 -5.4787381566566 2.00041933422844 0.000111369288505797 0.00213267750174935
"ENSMUSG00000076613" 9.31819056795106 -3.15378731970462 1.94018308834622 0.00265801645769026 0.0243571181741653
"ENSMUSG00000076873" 6.20430914203832 -2.22295220849367 1.26158627146468 0.00334810145202483 0.0289115210818804
"ENSMUSG00000078494" 13.373332942324 -1.78186124755724 1.09826670043277 0.00403874863381307 0.0333772417836975
"ENSMUSG00000079017" 1105.41964484739 1.52994980797654 1.1788265215134 0.00675367728624711 0.0482570471487904
"ENSMUSG00000079138" 19.2207099298409 -2.57270845214262 1.57613167858653 0.00236263098772215 0.0224607148549184
"ENSMUSG00000080744" 17.3931541172137 -1.91893192461807 1.00637304312135 0.0022680384410715 0.0217807112048743
"ENSMUSG00000081136" 7.72559494849565 1.72905185152484 1.0501180419566 0.0044310094707755 0.0356296167270194
"ENSMUSG00000081209" 8.58048385133824 7.10518342721806 2.91614330962794 1.96767898205969e-05 0.000541915948533196
"ENSMUSG00000081265" 6.06080798549811 -3.07324878358897 1.23727583059325 0.000875538547920726 0.0108118581223076
"ENSMUSG00000081570" 5.21678147441235 -2.14021378201992 1.35206547588374 0.00466700267379467 0.0369684400669119
"ENSMUSG00000081621" 6.07427856386215 1.88039722946515 1.35127717470302 0.00561349429377389 0.0422789817990459
"ENSMUSG00000082154" 10.8142805202539 2.28464250059424 1.14703928699899 0.00188244721560121 0.0190840874941717
"ENSMUSG00000082715" 10.7909302601201 -5.28986029454073 1.76288234508269 4.60901566336347e-05 0.00106238599355636
"ENSMUSG00000082870" 10.9123658599989 2.78439714710507 1.22285988998683 0.000933436139575563 0.0113329799168288
"ENSMUSG00000083435" 93.2966592837396 2.33210550544644 1.19004875260826 0.00154305289843393 0.016585214950836
"ENSMUSG00000083822" 7.25323189137411 1.73398677090408 1.01335488673953 0.00429693815348971 0.034814671251621
"ENSMUSG00000084184" 4.27115360546669 3.87461920050463 1.6743677940504 0.000420143481430733 0.00619489458579305
"ENSMUSG00000084806" 16.376113552277 2.21056383893842 1.05462523379307 0.00145637062680341 0.0159138012004492
"ENSMUSG00000084993" 20.3666143294248 -3.6182373199599 1.3745277100329 0.000278233521119537 0.00442873277907987
"ENSMUSG00000085001" 59.2197373485216 2.79428036783684 1.07799584426687 0.000338443886037222 0.00518306299715337
"ENSMUSG00000085165" 3.20684689337684 -2.71004617503528 2.2451448075965 0.00431028943392212 0.0348809050867637
"ENSMUSG00000085181" 59.3113054152768 -3.81675329240493 1.12729297370609 2.44917985075768e-05 0.000648888213408474
"ENSMUSG00000085487" 2.61128168979593 -4.32455789733887 2.91009319603946 0.00204987329725279 0.0202532691612732
"ENSMUSG00000085526" 15.8373503587504 8.19827711020172 3.03672996147083 2.66718688126873e-06 0.000102115876524332
"ENSMUSG00000085539" 12.0516347979195 5.03514915343749 1.39300369971432 2.78514309453801e-05 0.000715396031208207
"ENSMUSG00000085601" 7.22776519382854 -2.01766948511966 1.39448960684569 0.00490313358162127 0.0383282464626736
"ENSMUSG00000085844" 5.88328673747971 -0.591809828142618 1.3242982668865 0.00161450245058559 0.0170785803446299
"ENSMUSG00000086008" 7.26936513698705 2.05428066939463 1.58728560833319 0.00526906575535562 0.0403309974420726
"ENSMUSG00000086264" 4.66009491636563 6.0686597466941 2.72274607153276 5.8787792071582e-05 0.00130021358504051
"ENSMUSG00000086399" 8.68335204082684 -2.60914765528775 1.81776286306921 0.00355671567292915 0.030304215978943
"ENSMUSG00000086424" 8.95293420572563 -3.28929214912384 1.77564392846357 0.00207500081792476 0.020381992971015
"ENSMUSG00000086610" 25.023530909955 -2.07107674583318 1.18645221833168 0.00255654044429313 0.0237376102592718
"ENSMUSG00000086785" 24.3375629268634 -2.14685427501797 1.03568043380568 0.00140578519337308 0.015495064167959
"ENSMUSG00000086825" 88.8913852431771 6.13624575706641 1.96064475716235 3.73760389090774e-05 0.000893033451511574
"ENSMUSG00000086872" 6.13565681007245 1.87409295708135 1.25561832932836 0.00545310191484352 0.0413437218520978
"ENSMUSG00000087038" 33.5653602245834 -7.41477354605738 1.43767561028924 1.66412021316878e-10 2.6757175488997e-08
"ENSMUSG00000087289" 8.39917414991651 -2.20558019232138 1.8978384138204 0.00526804393220857 0.0403309974420726
"ENSMUSG00000087593" 4.26626686588037 5.91284468149821 2.69136991805979 6.82334802687899e-05 0.00145443934617071
"ENSMUSG00000087622" 3.08576327734983 5.15056065195366 2.720754383063 0.000434087478863224 0.00634955020638211
"ENSMUSG00000087651" 9.52397630684438 -2.05472440145021 1.11370136794214 0.00260736540052723 0.0240146298433933
"ENSMUSG00000087691" 27.5554118023267 7.05980537310936 1.79115203662948 8.73591915496992e-07 3.95070706303617e-05
"ENSMUSG00000089635" 6.76890909817516 4.87180371346563 1.57998157999565 3.45677631269846e-05 0.000842928023657411
"ENSMUSG00000089890" 25.4515194276747 -3.25245515822602 1.25261883519116 0.000310427329317958 0.00482273681086552
"ENSMUSG00000090069" 463.101765513767 3.83398283285614 1.42100253172309 0.000183595005177214 0.00314523138106557
"ENSMUSG00000090698" 34.9538617438537 -4.22172118252678 1.05349313652324 2.6375909006772e-06 0.000101366730146748
"ENSMUSG00000090881" 13.3190685536004 3.44795159038494 1.03568383535413 4.66905921648938e-05 0.00107377738408797
"ENSMUSG00000091272" 7.20679321052826 3.61829452558092 1.198989827392 0.000195930589179296 0.00331720005046857
"ENSMUSG00000091297" 4.7934322767363 -3.21290942121971 1.34621365740565 0.00139602440205711 0.0154320380931727
"ENSMUSG00000092124" 3.72619612402929 -2.66791141684474 1.46865405393572 0.00438195409871384 0.0352913155798806
"ENSMUSG00000092524" 11.1214154624292 3.22110205999292 1.17024686233625 0.000258220092053597 0.00418262753274316
"ENSMUSG00000093598" 6.29542174476927 3.07792478221721 1.49147375334603 0.00169681112490542 0.0176991934416734
"ENSMUSG00000095079" 30.1937988565114 -3.78978777789474 1.32885577624686 0.000142677511574244 0.00258211808099672
"ENSMUSG00000097108" 45.2594196970579 1.56848192076117 1.031986073787 0.00528901544429917 0.0404051590380204
"ENSMUSG00000097191" 33.8430023335926 -2.07139080148671 1.13634253536616 0.00224667778335175 0.0216372517343762
"ENSMUSG00000097580" 3.94199083024622 5.68809581684499 2.73020059810123 0.000157494725916564 0.00278334237410699
"ENSMUSG00000097604" 66.8139257394826 -8.32224108736193 1.64651045443635 7.16766786194516e-10 9.57375924829688e-08
"ENSMUSG00000097925" 12.449351160198 -3.21226907040058 1.4343055900931 0.000813037797219063 0.010221118825114
"ENSMUSG00000099158" 29.0285492031316 -1.63144833726098 1.13584154694288 0.0052859415234562 0.0403991925493933
"ENSMUSG00000100182" 18.7876397630121 3.23677668283312 1.20919326104402 0.000269542972507056 0.00433477421577576
"ENSMUSG00000100552" 4.64026643315702 -2.53067362285718 1.27064261960143 0.00273553309880916 0.0248533939741246
"ENSMUSG00000101389" 5.18079188640408 4.2427159649071 1.78101373184885 0.000422784554512844 0.00622022545085672
"ENSMUSG00000101722" 8.88593359691103 -2.65987632015738 1.51346261233511 0.0025162471763812 0.0235055160215092
"ENSMUSG00000101930" 5.98221954723827 -6.31273842957228 2.82709009169461 5.25583879891846e-05 0.00119110741390288
"ENSMUSG00000102139" 30.9200109567567 7.28197955222537 1.60238596128047 1.58569262620989e-08 1.3582532389336e-06
"ENSMUSG00000102452" 6.57991154795337 -2.479159544257 1.14288785154238 0.00157358865968944 0.0168218375228038
"ENSMUSG00000102745" 9.14584656347556 2.17387979093633 1.45539932978613 0.0040153642716085 0.0332278825225621
"ENSMUSG00000102795" 3.08945837278873 -4.68831825356175 2.93555360846579 0.00149277578830679 0.0162151867601407
"ENSMUSG00000102831" 28.2393440757243 -1.76034332735091 1.0669763201088 0.00362067800673957 0.0306884720780882
"ENSMUSG00000102879" 6.73216750139687 2.75237813759637 1.11880548368453 0.00076561397711978 0.00972166240419369
"ENSMUSG00000102915" 4.33116032253656 3.16569349101937 1.41522776119017 0.00162912208083102 0.0171699859739601
"ENSMUSG00000103105" 26.6636988130156 7.15434471846553 1.59915690172514 3.66703430453594e-08 2.7253345024336e-06
"ENSMUSG00000103364" 7.95933805396272 -2.27393636016214 1.29192950501282 0.00282974943059044 0.0254803495498378
"ENSMUSG00000103402" 3.21499780042602 -0.612988709791069 1.27066067822279 0.00585672261047125 0.0434631599011294
"ENSMUSG00000103485" 11.5354327511165 -2.66738620420045 1.07181485212861 0.000547745477291599 0.00759442717657727
"ENSMUSG00000103728" 16.8750403692469 -6.22354977367484 1.54742387702144 3.57264233676144e-07 1.8470834996837e-05
"ENSMUSG00000103867" 26.5164696649421 1.94557905987004 1.14788776811657 0.00304775873880232 0.0269629947067347
"ENSMUSG00000103966" 24.3036112921419 -2.98887204628928 1.222087926138 0.00046243849682396 0.00667728158092596
"ENSMUSG00000104057" 11.4392981963399 1.6934313293802 1.41469910281381 0.00698646672076112 0.0494334703395821
"ENSMUSG00000104088" 6.61987589428582 0.524658005091145 1.02878567214203 0.00563794612573286 0.0424473299559366
"ENSMUSG00000104109" 3.87218936263687 3.94598609117705 1.55721894942355 0.000284358203563038 0.00451910462659341
"ENSMUSG00000104354" 14.2942861367053 8.25546049587192 2.82755938492146 3.57280644585421e-08 2.67497341862751e-06
"ENSMUSG00000104509" 86.5811317186147 1.65640208662017 1.21841687648587 0.00560346709527451 0.0422288590763895
"ENSMUSG00000104525" 30.3984341786427 1.63360346935099 1.01997899161695 0.00444641047274009 0.0357392396447081
"ENSMUSG00000104639" 10.2809609298363 -1.68639391044562 1.12693722030419 0.00533457690002882 0.0406324310603175
"ENSMUSG00000104859" 28.548822119566 -3.73756422759432 1.21788690363436 7.55696803048997e-05 0.00156360397887774
"ENSMUSG00000104994" 7.97549333572798 2.73044962193966 1.45206550027825 0.00209696878402445 0.0205080909381008
"ENSMUSG00000105277" 25.9008930217165 1.83961738790105 1.19535835742801 0.00410885897305513 0.0337370366126358
"ENSMUSG00000105565" 4.75341321761788 -2.566847197267 1.28336473814246 0.00265355007463248 0.0243272175776397
"ENSMUSG00000105741" 8.7486898215431 4.83537008682271 2.12687998951032 0.00050165666748894 0.00711648388300976
"ENSMUSG00000105870" 3.65854626010688 0.535913240957215 1.05624127253831 0.00421127007559578 0.0343407924881681
"ENSMUSG00000105890" 27.7689105970331 3.72839851020323 1.13902442975929 4.27854435931259e-05 0.000996437491054193
"ENSMUSG00000105941" 11.5892408814536 4.42203846910006 1.3092145589213 6.05352187423124e-05 0.00133302771990833
"ENSMUSG00000105985" 27.5226069940391 2.60632183475385 1.18612681208829 0.000942641272417676 0.0114310097911958
"ENSMUSG00000106045" 9.63960053598814 2.01542792098758 2.41596756079173 0.00642342972179173 0.0465577740502043
"ENSMUSG00000106379" 9.00485068597047 2.93395341640795 1.75043344920005 0.00238493423260954 0.0225920550666363
"ENSMUSG00000106543" 4.56118603662368 -2.97600356343004 1.4389376456472 0.0024383615344121 0.02299042836667
"ENSMUSG00000106776" 120.690406016651 -2.52018086375426 1.14299831920271 0.000844414321877194 0.0105499601463211
"ENSMUSG00000106892" 7.05606387389001 -6.56295548043404 2.90940167518779 5.38534884400953e-05 0.00121230319467319
"ENSMUSG00000107075" 16.0430664360036 5.67870262025869 1.0648588333025 2.78614393551459e-08 2.17459072032538e-06
"ENSMUSG00000107733" 7.41261706400012 -3.61163576171231 1.06562392062423 8.17076953795173e-05 0.00166840511322924
"ENSMUSG00000107855" 11.660137610456 -5.34166977994242 1.84895861898362 6.92934044957745e-05 0.00146984907857511
"ENSMUSG00000108207" 842.088211756315 -6.80296197038346 1.38966188297885 2.8477113957884e-08 2.21409561022548e-06
"ENSMUSG00000108427" 5.14528740243842 2.33300159164725 1.30133444220264 0.00303985688920323 0.0269166478384772
"ENSMUSG00000108478" 113.936037966779 -5.00554747043063 1.4873318455974 2.02643361722826e-05 0.000555587524566781
"ENSMUSG00000108676" 5.30729909429874 -2.51699424975173 1.06250387849989 0.001227013282246 0.0139662576016908
"ENSMUSG00000108691" 6.68182401538281 6.86003803114913 2.70852614404594 3.47385045232016e-06 0.000127912362283519
"ENSMUSG00000108802" 3.02079565664731 -2.62834125297525 2.21027375032972 0.00454334843946458 0.0362217768651159
"ENSMUSG00000108861" 62.7122417547393 10.8904523430127 2.97941882807065 2.95016741224288e-16 1.8636760699528e-13
"ENSMUSG00000108929" 10.3688086124976 1.71498420764025 1.07723369074096 0.00469100341450934 0.0371004045478507
"ENSMUSG00000108959" 3.88804286407622 2.86534662403873 1.55137688103517 0.00336044567309756 0.0289809766560014
"ENSMUSG00000108985" 133.511836295314 -2.70070764957988 1.0846826294746 0.000414369980028411 0.00613662208518266
"ENSMUSG00000109002" 337.167251900995 -0.505320295258065 1.01399335015588 0.00146854548630531 0.015994960671154
"ENSMUSG00000109268" 6.97133604762046 2.7527289435686 1.17700668792826 0.000968488231019895 0.0116458857408196
"ENSMUSG00000109367" 5.59573089168714 2.32427485736968 1.42746074948472 0.00356520785479405 0.0303072652584784
"ENSMUSG00000109827" 8.53429929284551 7.34924010948817 2.71826597794932 4.13546390410821e-07 2.07440205512525e-05
"ENSMUSG00000109946" 6.00629836775006 -1.91545318040448 1.19748809014567 0.00486491164036073 0.038073630975568
"ENSMUSG00000110114" 4.82939078315664 2.5223242958211 1.44819247790606 0.0032240183882045 0.02811213313948
"ENSMUSG00000110301" 5.70792496368008 3.53845040135183 1.41720689823025 0.000651029106073422 0.00861856802833937
"ENSMUSG00000110489" 5.40299017472865 -3.48021230210072 1.28386176344952 0.000658780185868109 0.00866638823727694
"ENSMUSG00000110618" 106.369085962124 -1.81284975371154 1.54063459056846 0.00518446567082282 0.0399101193966806
"ENSMUSG00000110654" 6.16691702840837 -2.42687899871064 1.44071702246718 0.00353090513478436 0.0301678982669762
"ENSMUSG00000110835" 5.20524327899652 -4.105324234313 1.7038633032229 0.000381866684097967 0.00574346666720524
"ENSMUSG00000110894" 10.7475187481764 1.8743303088315 1.21047731351193 0.00445848124540227 0.0357935656774452
"ENSMUSG00000110914" 175.51881751718 2.15822080803668 1.08001263694485 0.00157617885250981 0.0168349471376038
"ENSMUSG00000110967" 11.3458722140277 -3.97618108537206 1.41518312471033 0.000256276481601726 0.00417144608577766
"ENSMUSG00000111013" 20.9182473977237 -3.72432719115648 1.27458579477588 0.000124582061662344 0.00233368921128406
"ENSMUSG00000111147" 32.9054971580235 -2.88909140182517 1.49601723729994 0.00125189255037073 0.014177595465403
"ENSMUSG00000111180" 8.481084558032 -4.65031956641723 1.991843525979 0.000395848310223665 0.00590123421177831
"ENSMUSG00000111200" 27.7297818925872 -1.43686998130452 1.00579044228152 0.00670241910986312 0.0480799866238052
"ENSMUSG00000111254" 5.85144663878212 -3.57280993618684 1.34936459198985 0.000700482020780431 0.00910041391393086
"ENSMUSG00000111361" 17.827260613137 3.40699210762145 1.06565598225849 6.7470500893138e-05 0.00144418126379627
"ENSMUSG00000111381" 8.29982615871028 -2.58379613962425 1.40991458207717 0.00231564362173136 0.022138883286522
"ENSMUSG00000111757" 8.03575117276665 1.84873044026147 1.14704295310285 0.00410421826755475 0.0337126258750992
"ENSMUSG00000112009" 22.1554636499903 2.54286460538704 1.06843751036275 0.000643627223140374 0.00858641728578093
"ENSMUSG00000112017" 14.100500064152 -3.5929412337972 1.34804526149664 0.000305700316210153 0.00476831164520697
"ENSMUSG00000112021" 20.4397689241539 -4.42380157771702 1.16047450116974 8.18716345048555e-06 0.000262287653172053
"ENSMUSG00000112265" 6.25489652850984 -2.81823627519822 1.51545612246351 0.00255753228516913 0.0237376102592718
"ENSMUSG00000112535" 4.55608464739645 4.20788982963193 1.58808138681411 0.000191732662937698 0.00325703847166855
"ENSMUSG00000112674" 9.33137629039513 -5.0481503326772 1.76021158301108 7.59928311867915e-05 0.00157075161803782
"ENSMUSG00000112782" 7.31375035976637 1.89703797657555 1.21396252439708 0.00446514091561798 0.0358328001624523
"ENSMUSG00000112805" 7.20332888092039 -2.77296635537043 1.00303072093649 0.00038241893897783 0.00574346666720524
"ENSMUSG00000113216" 248.89213004408 -3.74006524525253 1.00911015460141 7.40339715534978e-06 0.000242585002338623
"ENSMUSG00000113629" 6.25418841230884 3.22129127062804 1.45271837985189 0.00141600213959981 0.015573712324271
"ENSMUSG00000113645" 34.8531596791002 -2.70506433742286 1.5051926377321 0.00164429262381311 0.0173031626186268
"ENSMUSG00000113769" 2.94381365211979 -2.86314490401168 1.85966587521289 0.00295447211107321 0.0263336215720216
"ENSMUSG00000113976" 4.31762500204063 5.9871472110446 2.66028663016754 4.19621538295403e-05 0.000979520715547525
"ENSMUSG00000114390" 8.40885429286342 -1.76667139673323 1.17595332274132 0.00516088875738293 0.0397935661733063
"ENSMUSG00000114483" 20.1085554086919 -2.15350595974969 1.46488609179223 0.00344098912833049 0.0295244461923603
"ENSMUSG00000114507" 5.2795362644227 1.72475030532979 1.04731823662925 0.00516145092784611 0.0397935661733063
"ENSMUSG00000114621" 2.88117824666582 -4.88831896540359 2.65657670509216 0.000454015258002624 0.00659807220742132
"ENSMUSG00000114884" 8.4565493817543 -2.98846775606476 1.38604377562545 0.0012223112919223 0.0139205762063151
"ENSMUSG00000115090" 14.4499238310818 3.80887361281227 1.04952414176564 1.5844699778376e-05 0.000453683577931829
"ENSMUSG00000115196" 5.15058874430219 -2.26994267535386 1.200486490297 0.00297032793119456 0.0264516207617172
"ENSMUSG00000115575" 10.2405728403266 -4.2528205997812 1.68198039735207 0.000600012387772039 0.00812407931601591
"ENSMUSG00000115699" 71.0841302634978 -4.58790904874889 1.07208301306833 7.13153781854096e-07 3.29141636990423e-05
"ENSMUSG00000116291" 14.4903636761146 2.09862796335085 1.35494286859634 0.00328305219348175 0.0284592195931533
"ENSMUSG00000116653" 5.10308887604642 -2.56572209161417 2.22488002356241 0.00650656128464973 0.0469750487032837
"ENSMUSG00000116701" 6.59382081372771 -3.64588469544537 1.48034075840915 0.000901105247943511 0.0110600137141336
"ENSMUSG00000116738" 54.7895794917939 -4.42305350919773 1.14908854505337 4.27432287566384e-06 0.000152122248118916
"ENSMUSG00000116782" 8.31166683739735 -2.34647141080862 1.74885313913646 0.0045011371252858 0.0359930723843562
"ENSMUSG00000116891" 3.13493554921937 3.21758472914899 1.74346778826184 0.00142275618652982 0.015634252095331
"ENSMUSG00000117033" 55.9235336897284 -2.61637259136373 1.12725974671705 0.000644869076193938 0.00859323868075139
"ENSMUSG00000117096" 7.99512868848064 2.79787386714637 1.35617504427809 0.0015023776429434 0.016293221057994
"ENSMUSG00000117363" 3.17804742016005 -4.76449908145674 2.93436004670076 0.00137768944561342 0.0152822260445936
"ENSMUSG00000117380" 433.738154295725 -7.01574495556824 1.45723830943286 4.26295118422981e-08 3.05941702430985e-06
"ENSMUSG00000117541" 4.63587352268344 -5.66660437698341 2.88063807791663 0.000310620990736924 0.00482273681086552
"ENSMUSG00000117979" 6.72841896997857 -2.79384042721121 1.70259970103996 0.00331244914327536 0.0286648798935408
"ENSMUSG00000118078" 13.937658534038 5.25874912214411 1.36521281413082 1.11065862149024e-05 0.000334456951985466
"ENSMUSG00000118623" 8.21521569999541 -3.73728217975356 1.76539797667679 0.00144623181043524 0.0158458406763948
"ENSMUSG00000118631" 3.73259761251737 -2.47752606020744 1.6162399134395 0.00606738847067114 0.0446555521095264
"ENSMUSG00000118671" 3.47650730124106 3.55011106926495 1.7419863615182 0.00110539292672341 0.012879261103005
"ENSMUSG00000119459" 8.18207841591754 -1.88041306501078 1.0045626303954 0.0029101434405878 0.0260533877995936
