"baseMean" "log2FoldChange" "lfcSE" "pvalue" "padj"
"ENSMUSG00000000253" 27.4996001606112 -2.91067630775722 1.07426616345393 0.000233904287869406 0.00498057646611643
"ENSMUSG00000000276" 4184.81547519961 -1.92342574414419 1.11514624856512 0.00151465102943621 0.0205077584077971
"ENSMUSG00000000385" 16.2072475902846 2.29472679463154 1.01660082539068 0.00156755919140311 0.0209317958840326
"ENSMUSG00000001288" 229.185859486282 3.39897005208857 2.21941190892072 0.00455009134651422 0.0459216583460214
"ENSMUSG00000002104" 41.0947413361572 -8.03786502076362 2.93021415361498 2.0297647342166e-06 0.000105403196041498
"ENSMUSG00000002249" 17.240501835983 -2.53729622130361 1.00306273769498 0.000640051444530239 0.0108522955157699
"ENSMUSG00000003410" 15.8805999655291 -6.32888811942086 2.69589600185343 4.23807793589442e-05 0.00131597012840796
"ENSMUSG00000003526" 272.077030724863 -4.82067156795237 1.25975549133389 1.53404749923029e-06 8.47305568741528e-05
"ENSMUSG00000003534" 19.6904343827268 -3.85112933857281 1.40435948615955 0.000442289257127212 0.00824295121641891
"ENSMUSG00000003949" 12.4263218855697 -4.01978485383512 1.47352526002883 0.00150264378488001 0.0203936621496708
"ENSMUSG00000004562" 62.7083225760298 -4.30018208294844 1.05302683162174 1.49080443464524e-06 8.30975303678248e-05
"ENSMUSG00000004952" 97.9300014832912 -1.57125429543077 1.31117117167909 0.00435136787398608 0.044453146471418
"ENSMUSG00000005413" 24.8924668655903 -2.17756390851756 1.17606865921008 0.00175563579319498 0.0229719839214393
"ENSMUSG00000005583" 25.4296944777866 -0.555049479663975 1.18847116038059 0.00152806949743798 0.0205603856870717
"ENSMUSG00000005883" 1369.66861531765 -3.19096820684357 1.11085615123057 5.97238055166623e-05 0.00171161289803806
"ENSMUSG00000007682" 48.6136008063648 -2.91199416322124 1.2839584548127 0.00044398123573469 0.00826603266980203
"ENSMUSG00000007989" 30.2203981787689 -4.72962187459575 1.20683154346514 1.47259003204653e-05 0.000558022838131227
"ENSMUSG00000013089" 220.647432100945 -2.49563834942503 1.18910405319822 0.000556399020643849 0.00980801252347721
"ENSMUSG00000015476" 1903.60110280956 -2.08891066399488 1.49750157168142 0.00184830613218722 0.023716077189836
"ENSMUSG00000019831" 10.6882918617682 -5.55681277591161 2.60466690037199 0.000153753660497268 0.00360677988402021
"ENSMUSG00000019845" 1751.06036810428 -3.42328737658515 1.16050079176202 3.9263241066267e-05 0.0012424498175605
"ENSMUSG00000020020" 63.1215247559165 -3.08124096223912 1.18061448163582 0.00017188317452543 0.00394077310952832
"ENSMUSG00000020363" 86.9443080513237 -2.5640726624541 1.11635649867611 0.000401982980573005 0.00764019164432133
"ENSMUSG00000020422" 296.957239778174 -6.85740897589722 1.3150439784365 3.86267371146512e-09 4.66257971780628e-07
"ENSMUSG00000020431" 94.8566425721504 -0.706988446630742 2.00656980982428 0.00285412371073361 0.0330089548702674
"ENSMUSG00000020592" 12.5452893896311 -3.72328175841024 1.82062792078441 0.0034942033849923 0.0381370329929669
"ENSMUSG00000020728" 5.69388847942988 -0.692865773074294 1.92413210553031 0.00245320384628881 0.0294782657023114
"ENSMUSG00000020811" 30.6346466177766 -3.37155188523088 1.15366110942061 0.000128116619198459 0.00311357549084042
"ENSMUSG00000020846" 765.105393964769 4.40270219429015 2.75655156771269 0.00360684623706505 0.0387858326625278
"ENSMUSG00000020890" 49.3617033444591 -0.492479838518534 1.0302388244318 0.00017597879698611 0.00401950568003235
"ENSMUSG00000020902" 341.71982919223 -2.55540834579431 1.16406531587232 0.000432253885474878 0.00813074465485098
"ENSMUSG00000021477" 1543.67397066715 -1.60690449307835 1.01753679799482 0.00273492560294963 0.0320781782271319
"ENSMUSG00000021556" 83.7047633638201 2.42046039035401 1.11639366886917 0.001936217675226 0.0245933376768949
"ENSMUSG00000021806" 9.21283387824997 -3.31655283966007 1.60756312950513 0.00493086576242479 0.0487126776432069
"ENSMUSG00000022098" 35.6965575908106 -3.34265502792514 1.08534591216405 6.76378886464677e-05 0.00189844142832609
"ENSMUSG00000022114" 38.7966250274023 -2.20202799291954 1.05840820635291 0.000959895249528262 0.0146532753041471
"ENSMUSG00000022537" 14.8745623172962 -1.98126634340549 1.29377351131665 0.00413017756820607 0.0431903307720551
"ENSMUSG00000022892" 40.537321746889 2.35549209510838 1.15484071380762 0.00245243313060087 0.0294782657023114
"ENSMUSG00000022900" 20.7665070199984 5.30070889117069 1.06025793313181 6.97558699180975e-08 5.80566320090029e-06
"ENSMUSG00000023132" 182.945101665722 -3.00396851672865 1.06502597536447 8.08706436418598e-05 0.00219922495458043
"ENSMUSG00000023191" 62.5674976826256 -8.73306892687577 3.05760724520447 7.69358980338404e-07 4.73753585629327e-05
"ENSMUSG00000024186" 148.940320147479 3.4568634763671 1.11028729162512 0.000154701053232058 0.00361968690277371
"ENSMUSG00000024546" 16.2536487746964 6.09397973818868 1.35736214825871 9.0154980441519e-07 5.45931836713477e-05
"ENSMUSG00000024565" 13.4092510566484 -2.92881833349105 1.63318529219197 0.00292965860327791 0.0335550955930819
"ENSMUSG00000024617" 424.109200136635 -1.79561053011615 1.21355702307464 0.0024647811226269 0.0295952342042954
"ENSMUSG00000024675" 86.6921098585099 4.11629067941919 1.03786028617371 7.30589900088114e-06 0.000310407042165642
"ENSMUSG00000025089" 37.7099050568711 -0.565357909095871 1.20012293959734 0.0020147883958312 0.0254847661976511
"ENSMUSG00000025189" 27.4189275305194 -2.46766747610192 1.03717321596144 0.000559440138063333 0.00984258242903512
"ENSMUSG00000025330" 73.1949036874222 -4.84309468606381 1.06528523126695 2.36131449954862e-07 1.7079237850505e-05
"ENSMUSG00000025557" 330.300703445149 2.03640468482111 1.14431385629803 0.00448204171072457 0.0454361369640582
"ENSMUSG00000025586" 30.5433442055577 -7.33716608469395 2.99947813491685 2.31200610149286e-05 0.000816399014743725
"ENSMUSG00000025932" 6.92892969549218 -4.41178172865861 2.73392753278616 0.00120382855913633 0.0174421169692988
"ENSMUSG00000025936" 35.5417798039306 3.60417950211852 1.01011062652865 3.22310040452609e-05 0.00105471186846135
"ENSMUSG00000026014" 975.73959766329 -1.44189616359594 1.26256803169077 0.00507058604908285 0.049662316989056
"ENSMUSG00000026077" 48.812828043543 -8.46274499232965 2.86192809060799 1.59532480784549e-07 1.22176408708402e-05
"ENSMUSG00000026471" 1548.40906243491 -1.82463493011284 1.61920296481115 0.00291976896797832 0.0334918999240659
"ENSMUSG00000026582" 15.5331292697658 4.84543105313514 1.41381923003637 5.23078466201224e-05 0.00155026848836581
"ENSMUSG00000026640" 7.68265137717753 -0.518758057469623 1.03905932226679 0.001541263603595 0.0206867538311679
"ENSMUSG00000026669" 146.447823285839 2.33953053170198 1.03691401019979 0.00162004599393991 0.0215537068113451
"ENSMUSG00000026989" 59.6581442069 8.24922743064972 1.20447925848718 2.07672351267369e-12 6.04268131491212e-10
"ENSMUSG00000027075" 1279.82141895789 -2.44141989201541 1.27691220552564 0.000739258687825152 0.0121064403441052
"ENSMUSG00000027359" 12.4572236454321 -3.15920989313561 1.27606905003914 0.00123529186857788 0.0177543351174001
"ENSMUSG00000027379" 122.138410600344 2.15226683121094 1.02488725744764 0.00236225392443647 0.0287045348538023
"ENSMUSG00000027596" 19.8348611644685 -3.88699620455026 1.40563898395863 0.000438704970731665 0.00818451944884959
"ENSMUSG00000027857" 46.3471173691905 -8.15906543659906 3.02909165989761 3.53053937408655e-06 0.000171146652051797
"ENSMUSG00000028037" 66.2453739273256 3.01635094985462 1.27736666004305 0.00118306201887284 0.0171959102216869
"ENSMUSG00000028041" 157.628778273073 -4.13408527152657 1.23942940601495 1.21466945324683e-05 0.000476124303749031
"ENSMUSG00000028435" 37.0143931098584 3.06744611410852 1.35229894009232 0.00143033725216003 0.0197206937179431
"ENSMUSG00000028523" 180.358892873407 -2.95903463815982 1.48677463801111 0.000500482184764093 0.00903196909078725
"ENSMUSG00000028602" 26.7569566371553 -7.0596057817892 2.99819069849307 4.15186641532538e-05 0.00129140049747672
"ENSMUSG00000028763" 98.2952780106151 -7.12049985214412 1.8461236280915 1.30971181145743e-05 0.000507917386966694
"ENSMUSG00000028970" 156.549259683759 2.47590457517289 1.01032880125042 0.00102113101371464 0.0153439035341935
"ENSMUSG00000029007" 941.684136591501 -1.48278627248941 1.01845080870312 0.0037986399062765 0.0404899471179542
"ENSMUSG00000029205" 787.972188931045 -5.57502878015098 1.05018322178008 1.27760686013408e-09 1.75089776238075e-07
"ENSMUSG00000029322" 166.356958886157 3.94582684919796 1.72022527608456 0.00131980956082335 0.0185475473131282
"ENSMUSG00000029410" 17.4947513664964 -3.82735405524937 1.24348809799146 0.000272278679512043 0.00562688085996039
"ENSMUSG00000029581" 20.7925479113621 -2.43797443613219 1.44064843918179 0.00215286992424493 0.0267122941519485
"ENSMUSG00000029638" 1745.49463298295 -2.7037194313356 1.12980723678575 0.00024895360051393 0.00522172298799472
"ENSMUSG00000030124" 109.983502179423 -3.6587776347324 1.00542623678134 5.79257327181484e-06 0.000253192405336616
"ENSMUSG00000030281" 35.1905675242062 -5.54396853766686 1.72984017826919 0.000183312249688043 0.0041289269396628
"ENSMUSG00000030499" 10.5655465954124 8.29449689110629 2.95222972045294 7.76811817401046e-07 4.76732289419827e-05
"ENSMUSG00000030587" 32.7465577199449 -1.88153984864764 1.13020208998696 0.00249489748631127 0.0299174318967076
"ENSMUSG00000030607" 38.6428817446333 -3.55301198676836 1.44637695898255 0.000311589449045064 0.00625408617937792
"ENSMUSG00000030651" 488.463703801507 4.71518069744824 1.84887198122452 0.000736690017491727 0.0120860926632059
"ENSMUSG00000030996" 104.550750230941 -2.49084218777636 1.08489812412067 0.000417611860544718 0.00788788744264101
"ENSMUSG00000031340" 7.5648079946517 -0.620447185895887 1.48834583598276 0.00140696809167099 0.0194940574573278
"ENSMUSG00000031351" 13.228473661802 -3.18016731814418 1.34760729246819 0.00137461409753382 0.019169924373182
"ENSMUSG00000031749" 563.234672611495 -2.84020942310549 1.04314141362655 0.00010117303986616 0.00259364415983192
"ENSMUSG00000031779" 74.4715866548226 -3.24624383178569 1.1613593500644 9.61022274607808e-05 0.00250594463508963
"ENSMUSG00000031871" 5.48574831202223 3.4754219830319 2.07727880412949 0.00419768910101322 0.0436210257948506
"ENSMUSG00000032092" 35.2352530770638 -3.08777094762491 1.68389022310206 0.000991881015996706 0.0150157934207408
"ENSMUSG00000032231" 1077.12153428502 -2.02745962542515 1.05346260908584 0.00103559863259442 0.0154847057229685
"ENSMUSG00000032511" 44.6288268896478 -5.10437904954249 1.52647058601222 4.62874959068116e-05 0.00141320299479641
"ENSMUSG00000032556" 77.2469605077099 -3.18682502080739 1.54700484822587 0.000479265318656004 0.00880601709994253
"ENSMUSG00000032936" 36.2248390552718 -3.79221818933205 1.45112569610987 0.000238740080693281 0.0050599016869726
"ENSMUSG00000033152" 54.1824129118081 -2.15271794922471 1.142887645199 0.00128508160615879 0.018288846174616
"ENSMUSG00000033316" 24.1720354765796 3.25402361638583 1.12554379583219 0.000290054093367279 0.00588077414883803
"ENSMUSG00000034009" 29.1373047088706 -7.26336778664959 2.97696641070215 2.40174963634415e-05 0.000837030413415771
"ENSMUSG00000034271" 28.0067973052442 -2.22001964274984 1.13030654558147 0.00135020378500373 0.0189454691218344
"ENSMUSG00000034684" 15.3342697694793 -2.58091744725569 1.12258190496749 0.00111439863233017 0.016407224451924
"ENSMUSG00000034758" 85.0200877929532 -4.17814377495266 1.32341858722237 2.78729412522847e-05 0.000944312453913371
"ENSMUSG00000034773" 41.8890034214096 2.52517761726844 1.34062054434172 0.00319696976358049 0.0357931006638707
"ENSMUSG00000035095" 20.489797722637 -2.53311882245524 1.78576404235207 0.00284160744540685 0.0329319952398015
"ENSMUSG00000035126" 3191.39532116967 -2.29541691593928 1.0429960813598 0.000494068927358896 0.00896322630247394
"ENSMUSG00000036053" 542.758258748678 -2.38164687572595 1.25360618477229 0.000840614281128933 0.0133233708714235
"ENSMUSG00000036356" 76.9469841673498 -4.96971614232398 1.02004688561188 5.92557169900498e-08 5.02350676082622e-06
"ENSMUSG00000036492" 19.2073096730408 -2.75371201742216 1.84141694145637 0.00260277133228889 0.0309132657776399
"ENSMUSG00000036528" 35.9512449486108 -3.79847655681736 1.32025248612881 0.000118346586067204 0.00294284205217861
"ENSMUSG00000036896" 12.4454082794953 -2.91169832617927 1.59236897087688 0.00322067454966106 0.0359041192762521
"ENSMUSG00000036905" 11.7239920574517 -2.92521013905962 1.4473178160107 0.00275007756590193 0.0321730833078912
"ENSMUSG00000037463" 51.190367566595 -2.59848625044191 1.54471966139983 0.00124947564838816 0.0179001328398373
"ENSMUSG00000037664" 28.0757006719836 -3.39467163718689 1.33053009088188 0.000328956034275922 0.00655287610573467
"ENSMUSG00000038305" 144.238911953815 -1.64552237649787 1.1390245338499 0.00320723427808771 0.0358419737502788
"ENSMUSG00000038451" 15.6927351355288 -3.32041294423973 1.53164833844658 0.00153697355828106 0.0206443751265947
"ENSMUSG00000038973" 17.2764365691832 2.05640993811223 1.20217560761747 0.00474723367104068 0.047412508560032
"ENSMUSG00000038987" 42.9498825022514 -2.29458326320895 1.34685841952419 0.00155816619307173 0.0208216240477408
"ENSMUSG00000039783" 53.967680873318 -3.84809185659162 1.3422465508308 8.60370088390435e-05 0.00231150892876466
"ENSMUSG00000039835" 1808.42565668217 -1.61599793530374 1.18479186432681 0.00334769632681176 0.0369179852127744
"ENSMUSG00000039891" 16.8544518427838 -4.59045197079808 1.43695008657618 0.000480475602994624 0.0088182601059888
"ENSMUSG00000040663" 843.552680558617 3.82354499101443 1.98775480230559 0.0026302986004892 0.0311314627215043
"ENSMUSG00000041361" 222.679918910571 -2.73048669538838 1.33080873591412 0.000514275250724716 0.00925340078475755
"ENSMUSG00000041377" 12.2152172796896 8.64533596152219 2.90284791994359 3.961307775557e-08 3.62827923744108e-06
"ENSMUSG00000042116" 15.0873850250022 -3.51311679966076 1.30478898304397 0.000702641051121299 0.0116919754942056
"ENSMUSG00000042377" 14.622516367291 -2.10799327069897 1.11468833132869 0.00253618974126344 0.0303327627388509
"ENSMUSG00000042554" 19.9760279030169 5.31567349941952 1.00449279222118 1.8149877004539e-08 1.76907918803066e-06
"ENSMUSG00000042564" 39.7908322707731 -0.641898929721019 1.52244798805242 0.00296160768216747 0.0338440270989758
"ENSMUSG00000042751" 37.0304754076152 2.36130244678243 1.20475469557425 0.00288740393135033 0.0332337619797175
"ENSMUSG00000043036" 10.7579754636173 -2.75654363333342 1.45257599169972 0.00358805169229887 0.0386995338848865
"ENSMUSG00000045114" 13.7578995789266 -2.35745489656094 1.14020340074551 0.00193378861593473 0.0245796130422889
"ENSMUSG00000045348" 618.257580856048 -1.95206681784468 1.12882427115045 0.00152544445591823 0.0205603856870717
"ENSMUSG00000046031" 104.087381036794 3.62435261073767 1.02900693042811 3.95251359668005e-05 0.00124640943471777
"ENSMUSG00000046295" 122.654655774247 2.10502641299676 1.04595491597295 0.00284243220244316 0.0329319952398015
"ENSMUSG00000046463" 23.0873378971315 -6.91797311602765 2.86522385329027 2.79523672939536e-05 0.00094524637971594
"ENSMUSG00000046480" 243.233935833412 -6.43550338737177 1.07231556576564 6.73174475624373e-11 1.33369034426146e-08
"ENSMUSG00000046805" 23.4485868022442 -2.02563818624437 1.25899843799776 0.00274666197899354 0.0321659252518475
"ENSMUSG00000046807" 27.6993423404192 7.90957568394366 1.46427778089878 4.19491313105242e-11 8.87131234251502e-09
"ENSMUSG00000047821" 13.3665879894581 -5.96814710103625 2.67182340164161 8.63629549837459e-05 0.00231150892876466
"ENSMUSG00000048142" 15.3975198540314 -2.75034945901192 1.39428420210646 0.00183703312758915 0.023716077189836
"ENSMUSG00000048965" 99.2770886292297 -5.64110502573869 1.07812283932295 1.00194045757523e-08 1.07425698354257e-06
"ENSMUSG00000049103" 39.8064052872912 -2.61640744897017 1.01554695171225 0.000279331316460627 0.00573607547734613
"ENSMUSG00000049285" 21.6648043895325 -2.2766260600273 1.29927812990919 0.00202976028736715 0.0256030731888174
"ENSMUSG00000049649" 114.162630805797 -2.66667729691488 1.05822754327576 0.000222363888318668 0.00479308388639019
"ENSMUSG00000049717" 917.138317879361 -2.7495179482145 1.00009422126638 0.00011028503274315 0.00277647139752679
"ENSMUSG00000050066" 230.87468073139 -7.81984764599407 1.34270877937917 9.15113644450679e-10 1.34514325785504e-07
"ENSMUSG00000050122" 7.27687066959994 5.48072108774805 1.74120438038963 3.92120875257327e-05 0.0012424498175605
"ENSMUSG00000051343" 18.0521477464884 -3.32622734670887 1.11699769806487 0.000230929867004959 0.00494373810201082
"ENSMUSG00000051804" 21.9078883030135 5.61457853750794 1.19639248543494 3.17008403919049e-07 2.17222262339568e-05
"ENSMUSG00000052769" 22.4385366771061 4.79814058448597 1.29927277609505 2.27214947321921e-05 0.000805728958139426
"ENSMUSG00000052776" 42.9440700850904 2.38303727521904 1.00603109802852 0.0012331802656289 0.0177528409635998
"ENSMUSG00000052949" 1831.04272282954 -3.13759568481713 1.18915536372739 0.000105226541062978 0.00266802266744829
"ENSMUSG00000053110" 22.3008227177679 -3.54930162121814 1.23942967985638 0.000222469356881884 0.00479308388639019
"ENSMUSG00000053783" 7.27609713522376 5.4958772898365 1.77652113881966 5.60341561479981e-05 0.00163675410914994
"ENSMUSG00000054598" 64.9700940544072 -4.40322523448007 1.45681977559534 5.1320418503052e-05 0.00153765977533668
"ENSMUSG00000055108" 92.7081236963953 -7.18069689317315 1.6600543486924 3.90833152935848e-06 0.000186484708862872
"ENSMUSG00000055413" 112.22056599237 2.5006742548303 1.31596829295402 0.0032039201889312 0.0358269038549994
"ENSMUSG00000055435" 78.3273113926959 -2.07417626344824 1.2448382577193 0.00167637052670489 0.0221575094925671
"ENSMUSG00000055872" 5.53128889122283 4.70043924396307 1.92197333149068 0.000392576127961279 0.00749265453858662
"ENSMUSG00000055945" 17.9757501508667 -2.58279094714379 1.43691685646925 0.00209347550590745 0.026171315532356
"ENSMUSG00000056427" 47.2759530079694 -6.00338957944887 1.76240731542133 8.62391367548167e-05 0.00231150892876466
"ENSMUSG00000056598" 40.3256608334798 -1.57565382713691 1.22368877456643 0.00466163748718699 0.0468657840479632
"ENSMUSG00000057315" 76.4888585598237 -4.0754006154922 1.4072833631018 5.9249885897159e-05 0.00170338749250397
"ENSMUSG00000058290" 89.7586785026545 2.09748219479132 1.20214373920663 0.00454364131080532 0.0458819668543205
"ENSMUSG00000060586" 50.1709937825663 -4.8391293257551 1.3137711296437 1.07439510364934e-05 0.000430395594598165
"ENSMUSG00000060985" 2029.12908934884 -2.81685304257957 1.1696644598787 0.000219761594414396 0.00474596514382843
"ENSMUSG00000061462" 25.2521550473304 -3.32458451958072 1.18837978312724 0.000206851725036791 0.00452615413234765
"ENSMUSG00000061544" 39.7264274363617 -3.09359117208989 1.07101650775872 0.000111053894136313 0.00279197148747941
"ENSMUSG00000061577" 1629.68329025969 4.47566697300875 2.82949561425532 0.0036443512775423 0.0390509057823418
"ENSMUSG00000061751" 13.0715763927764 -3.16923592321089 1.34452547686703 0.00139866032446053 0.0194457526574692
"ENSMUSG00000062312" 17.6019074295328 -2.14338789035451 1.12941490093 0.00214995737113249 0.0266943276591498
"ENSMUSG00000062488" 35.0069782571513 2.61212628683259 1.49010458898036 0.00390179733836136 0.0412517749920606
"ENSMUSG00000065191" 17.4375726787238 -1.87804320900201 1.06374049285351 0.00297250452490584 0.0339472681550493
"ENSMUSG00000067351" 5.34321191412641 2.96387584307105 1.48573093832425 0.00261791956886955 0.0310252405603286
"ENSMUSG00000068101" 43.0532398669286 2.3942396916587 1.04070138357645 0.00137044083161477 0.0191404128481672
"ENSMUSG00000068105" 57.304787397134 1.94451794338916 1.10868730346129 0.00472010405558998 0.0472451052285769
"ENSMUSG00000068246" 27.012198910944 2.94446105402415 1.07466018172174 0.000437624336148316 0.00817952361217967
"ENSMUSG00000068923" 184.247894391626 2.59289342660238 1.10259118630265 0.001277600922379 0.0182070617765458
"ENSMUSG00000070304" 95.8091357690494 -4.37504265019899 1.53341049106875 5.67972893523368e-05 0.00164847801437109
"ENSMUSG00000070390" 11.5667178646512 1.98888710801544 1.04413106562143 0.0033480786501737 0.0369179852127744
"ENSMUSG00000070802" 20.5104819029018 -0.510610469361524 1.05442671352439 0.00181575483820264 0.0235055138039202
"ENSMUSG00000071185" 18.1215487674814 -0.504497118122103 1.0027447365362 0.00284385584613198 0.0329319952398015
"ENSMUSG00000071713" 12.9216782346336 -3.60724242702837 2.0103829930342 0.00431685620763203 0.0442041225261287
"ENSMUSG00000073409" 21.0453280887585 2.69844044448941 1.18788693063096 0.00144079975506498 0.0197976045174688
"ENSMUSG00000073421" 84.3425346249556 -1.67926629442287 1.74909468954242 0.00415040728611907 0.0432856299642181
"ENSMUSG00000073491" 1435.50147515233 3.97012675460168 1.81662612854796 0.00166669468734869 0.0220776483040004
"ENSMUSG00000074170" 85.8589403937411 -3.95466840350096 1.39204093865844 6.82972001439037e-05 0.00190254459642147
"ENSMUSG00000074384" 18.9539892140625 -2.23325388726148 1.96377304494931 0.00391616313878107 0.0413796553800363
"ENSMUSG00000074607" 310.866825456731 -5.33239082091406 1.22033028908346 1.5874945712194e-07 1.22089719618633e-05
"ENSMUSG00000074782" 263.451261560754 -1.52908960338994 1.16460822440003 0.00408596609293583 0.0428160988156098
"ENSMUSG00000076609" 117.635974212037 -3.02954221281746 1.4592594170844 0.000448746972860977 0.00833772790452297
"ENSMUSG00000078763" 1091.52324190752 3.29640023561102 1.67436873493999 0.00260487066612622 0.0309132657776399
"ENSMUSG00000078907" 6.77631519773679 2.48934891272308 1.37573028639228 0.0036036642933593 0.0387744917798465
"ENSMUSG00000078922" 86.0449370018168 4.39263443151285 1.0141768670685 1.63956420268559e-06 8.92069752905977e-05
"ENSMUSG00000079056" 28.1973414816356 -3.61383882468995 1.10130892207233 5.41735937189916e-05 0.00159750537811123
"ENSMUSG00000081209" 5.94013774502121 7.02675869211884 3.0084152409248 8.74227404841627e-05 0.00233302238770839
"ENSMUSG00000081683" 14.3447423293279 -6.10608142257495 2.68840022704844 6.89140381954077e-05 0.0019147807533349
"ENSMUSG00000082213" 11.6331497736971 -2.9003131990552 1.42624049736198 0.00267000250142181 0.0314583940487494
"ENSMUSG00000084087" 6.34098072472883 -0.624058758749857 1.45373175357954 0.00205458620300821 0.0258421818822501
"ENSMUSG00000084411" 23.2826180303431 -1.51927948297086 1.02033181491769 0.00507894099880472 0.0497174315710063
"ENSMUSG00000084806" 12.260834090582 2.1129332709712 1.10353590135444 0.00325733468976289 0.0362089067639886
"ENSMUSG00000085181" 78.349754116337 -0.563388358793698 1.19464459435701 0.00169201068743396 0.0222995508314235
"ENSMUSG00000085531" 23.4310860825312 2.69741259258442 1.04568201372274 0.000692754487549238 0.0115630366708425
"ENSMUSG00000085971" 179.173929058985 -1.63777282759074 1.13726251708693 0.00321057375516911 0.0358573087227128
"ENSMUSG00000086008" 8.0615170472121 3.14587718612316 1.24791336057444 0.000715304400138828 0.0118633788001187
"ENSMUSG00000086231" 56.8871454104428 1.88485309879945 1.0127466191427 0.00401921765572034 0.0422725217604239
"ENSMUSG00000086236" 282.117570051347 -4.10783806222232 1.13129230699253 3.86141535629162e-06 0.000185215836050335
"ENSMUSG00000086269" 17.5354214050993 -2.66072628540509 1.28626749151389 0.00140748228528246 0.0194940574573278
"ENSMUSG00000086391" 5.17243619236448 4.4669747388733 2.16329672374257 0.0014481463206721 0.0198610707200078
"ENSMUSG00000086495" 11.8536695714239 -2.94603586452177 1.38864732152302 0.00225269587364336 0.0275384893956389
"ENSMUSG00000086718" 8.42716991779177 2.03570651850392 1.00142203576246 0.00252020862251842 0.0301614199360756
"ENSMUSG00000086825" 7.9472101043414 2.87861837523083 1.6745870417333 0.00359252611696262 0.0387003389680128
"ENSMUSG00000086866" 14.9329728838977 3.30439875946705 1.09519820631525 0.000194158167679405 0.00432630919595662
"ENSMUSG00000087038" 45.1484592292687 -4.74443253462241 1.19528040125073 4.57086138980824e-06 0.000208478835445207
"ENSMUSG00000087277" 10.7529446498881 -3.53916960804331 1.69718063870809 0.00405304464687221 0.0425301351632354
"ENSMUSG00000087305" 445.708399192713 -2.76014552056518 1.30965479116709 0.00043377757686652 0.00815099370468665
"ENSMUSG00000087326" 15.4347765663742 -2.34194044562225 1.33782966690298 0.00265178648289467 0.0313414867359208
"ENSMUSG00000087361" 11.1957699171881 1.99915158595526 1.03834585428093 0.0031611447836186 0.0355010387991474
"ENSMUSG00000087598" 28.9872158593253 -1.77201729979375 1.42728854403856 0.0043071279241659 0.0441479362933039
"ENSMUSG00000087606" 613.934602561941 -2.95887005619333 1.03386990476983 6.79275037481929e-05 0.00189894878959864
"ENSMUSG00000089663" 42.0214202478404 -5.96668275816127 1.62992813579811 5.94694574029184e-05 0.00170700755918582
"ENSMUSG00000089718" 64.728695960237 -5.14966413783127 1.50184588652537 1.98776626402252e-05 0.000714615694168411
"ENSMUSG00000090698" 45.5388819444277 -4.07294123209824 1.47536758582018 0.000128823719330758 0.00312243342053422
"ENSMUSG00000091055" 8.66657861250926 -5.11895371009658 2.57498786693035 0.000319957989671636 0.00640161830707455
"ENSMUSG00000092399" 10.351832277677 -2.53816934413557 1.56832070063054 0.00487221182219518 0.0482757730452633
"ENSMUSG00000094595" 6.79779371378845 3.59233673348835 1.31886024108814 0.000490243401580942 0.00892673974087496
"ENSMUSG00000096921" 197.622350725847 -3.24442210210656 1.49981183872807 0.000311897972077387 0.00625408617937792
"ENSMUSG00000097619" 17.9001713947419 -2.02311290906987 1.27282040846005 0.00330282492848217 0.0365294842059736
"ENSMUSG00000097636" 553.660102191287 -4.73786492011539 1.06640501248552 1.13706236056191e-07 9.01097201998343e-06
"ENSMUSG00000097697" 16.9105887957006 -4.53277145220653 1.52062166250454 0.000697644878910871 0.0116233758756019
"ENSMUSG00000097779" 80.3506418288935 -3.71024993136156 1.23117551387411 4.41917587030466e-05 0.00136291571214963
"ENSMUSG00000098620" 50.308308895544 -2.10325519234666 1.06322300357036 0.00113978492127968 0.0167212629652046
"ENSMUSG00000099413" 38.4411455798602 -2.62345749634134 1.07765456195789 0.000381571841163536 0.00735191326520906
"ENSMUSG00000100170" 6.78179705272056 2.80925235195198 1.61982490823988 0.00388256918876474 0.041072309114112
"ENSMUSG00000100182" 22.0112660375689 3.96917333273348 1.33374995855175 0.000214227514546943 0.00465957626210876
"ENSMUSG00000100529" 40.5479521352196 5.00450938088939 1.02087803289573 1.22958492390885e-07 9.63674714553079e-06
"ENSMUSG00000101586" 22.2179196077089 -1.75931346499812 1.19256836869262 0.00398223142825471 0.0419561458050859
"ENSMUSG00000101731" 12.5790962469958 -3.90494199945493 1.64221992139855 0.00237560308393119 0.0288475132650326
"ENSMUSG00000102148" 65.4166512649842 -1.5987826517597 1.0641740516423 0.00354198265155046 0.0384512911196011
"ENSMUSG00000102372" 153.564554564514 -3.50561962567253 1.37730691854387 0.000130694947096529 0.00315520106056746
"ENSMUSG00000102737" 7.97391437095635 -4.90619232962019 2.59157867951977 0.000480899245369664 0.0088182601059888
"ENSMUSG00000102813" 14.3731201350268 -2.92048290306738 1.163533957939 0.000868523888027778 0.0136470559543813
"ENSMUSG00000102831" 33.263733903468 -2.95977711166971 1.1459247765118 0.000279051219220293 0.00573607547734613
"ENSMUSG00000103105" 9.89185524773163 6.14351719458585 1.64371295186285 2.96859221528937e-06 0.000147434687487955
"ENSMUSG00000103382" 159.473415359534 -1.42280239952318 1.03103876274443 0.0046878785588592 0.0470257928539059
"ENSMUSG00000103485" 14.3395285600495 -3.15731124720411 1.50942864851606 0.00184826396450197 0.023716077189836
"ENSMUSG00000103728" 22.3105006390369 -6.83504619018288 2.87112230036561 3.5008591159352e-05 0.00113138579975445
"ENSMUSG00000104417" 5.75182181680941 2.7331030103727 1.45756928958736 0.00321816073975216 0.0358980512873088
"ENSMUSG00000104823" 11.4517779906326 -2.74859170852135 1.53707137377089 0.00357226298262975 0.0386419212963754
"ENSMUSG00000105096" 26.8018735020519 4.37340297107504 1.05109381429664 3.19669407324901e-06 0.000157476061819215
"ENSMUSG00000105453" 84.7048617720498 -2.58236445413929 1.29104042961453 0.000703686680042988 0.0116919754942056
"ENSMUSG00000105813" 19.9664858100281 -3.96786357655778 1.28038885940867 0.00020036768044282 0.00441816951983243
"ENSMUSG00000106062" 33.2082796984695 -2.78173545132118 1.30987242628332 0.000726416971005884 0.0119714304977615
"ENSMUSG00000106333" 40.2578018783608 -2.25907312059407 1.27625026863426 0.00150624765437832 0.020427363092525
"ENSMUSG00000106386" 11.5713822839832 1.95694320360798 1.1583043575701 0.00503938798368347 0.0493832928917197
"ENSMUSG00000106396" 13.5491638217396 -5.91463943590183 2.74589620093438 0.000134174307383828 0.00322360798083607
"ENSMUSG00000106497" 35.3454048353267 -3.14187412850929 1.62635146133551 0.000849152319402281 0.013423676778617
"ENSMUSG00000106713" 95.4745753620435 -3.45636596620631 1.35846839164692 0.000155503467295249 0.0036337970492186
"ENSMUSG00000106776" 146.466613746669 -5.59660979870492 1.16835086214345 4.42165660494432e-08 4.00962860389652e-06
"ENSMUSG00000106951" 125.654463806931 -4.42565693806947 1.13703498462099 1.83636631843399e-06 9.67382915783129e-05
"ENSMUSG00000107075" 7.1448566943822 4.50827464771906 1.525982880213 0.000236092442357161 0.00501545098699763
"ENSMUSG00000107335" 8.47052206231253 -4.83563008917887 2.76762239247238 0.000765741805941089 0.0124617641936502
"ENSMUSG00000107458" 19.2734015945025 -2.24884423973472 1.15325278586111 0.00174457461465118 0.0228436505037695
"ENSMUSG00000108095" 35.3794108222332 -2.96613557244902 1.07676938306949 0.000185647221462634 0.00415699251302141
"ENSMUSG00000108232" 17.1072659344116 -4.28461016562112 1.75947253989718 0.00149871618857611 0.020355514135005
"ENSMUSG00000108493" 11.5899913266951 2.35179941301019 1.02353174667802 0.00131976470865142 0.0185475473131282
"ENSMUSG00000108861" 6.58781770715848 7.27709311068328 2.98485334569663 3.85603238623692e-05 0.00122659515364643
"ENSMUSG00000109137" 5.68530689638925 4.88400660106706 1.88588519006124 0.000298358267575334 0.00602902011429668
"ENSMUSG00000109632" 20.8589052436788 -4.52614518923852 1.91277644088968 0.0013618468639079 0.0190590653052873
"ENSMUSG00000109644" 43.176296290884 -3.74654921670601 1.35500154275484 0.000133278842517629 0.00321324414315173
"ENSMUSG00000111013" 26.6150848776625 -0.613402226596446 1.74206131897418 4.7486443417634e-05 0.00144255900695536
"ENSMUSG00000111147" 42.6822505234035 -0.514749766907064 1.01155705125805 0.00284719009912697 0.0329496723408174
"ENSMUSG00000111344" 7.35180154622724 2.58954950640068 1.64521507431785 0.00495004764910358 0.0487911470875021
"ENSMUSG00000111361" 11.0689860607106 2.60083189577291 1.56194333632191 0.00444499291549603 0.0451107382353821
"ENSMUSG00000112041" 5.62456492572952 6.87671509038933 3.0313765197847 0.000142844048885604 0.00338571973867089
"ENSMUSG00000112133" 9.14724923923473 2.30204662846969 1.31615291601707 0.0041566841119534 0.043318399833376
"ENSMUSG00000112805" 8.74174939544065 -4.99660457880061 2.69675664554252 0.000539341977790104 0.0095535337504181
"ENSMUSG00000113078" 19.3015571502312 -2.40873121400316 1.79383186005812 0.00325568725747369 0.0362089067639886
"ENSMUSG00000113159" 11.4871577433356 3.53127340016385 1.34816637604591 0.000602103624313508 0.0103937354889067
"ENSMUSG00000113216" 319.693013964951 -4.50092055863313 1.05802901574242 2.91166636200658e-07 2.03336945518368e-05
"ENSMUSG00000113335" 13.8805059298473 -2.5424136976519 1.492263044797 0.00308134415888822 0.0349028268063373
"ENSMUSG00000114329" 29.221361366832 -5.30551223558237 1.65222032297365 0.000226129902760398 0.0048661980373244
"ENSMUSG00000114370" 22.981904607754 -0.543469223362454 1.22410470176698 8.08821776787748e-05 0.00219922495458043
"ENSMUSG00000114467" 21.9329801048158 -2.82925940942859 1.45567188100444 0.00129991766942289 0.0183918328643087
"ENSMUSG00000114483" 24.4592961188446 -0.515735643157375 1.06518452705357 0.00120977932754506 0.0175138009430075
"ENSMUSG00000114705" 76.0012960975889 -9.28235973598442 2.91209796232328 6.01880335371934e-09 6.85654554551515e-07
"ENSMUSG00000114946" 7.39496763380329 -4.41310590437841 2.8527992500078 0.00136114177715151 0.0190590653052873
"ENSMUSG00000114968" 22.472755068586 -2.14610413017982 1.69336316208111 0.00354716841941786 0.0384617720289883
"ENSMUSG00000115196" 6.136581159876 -4.10184947343266 2.74438577496379 0.0016797244572115 0.0221696869526387
"ENSMUSG00000115645" 10.0428109819656 2.33784375959769 1.34177249422963 0.00400376121519062 0.042134270016905
"ENSMUSG00000115750" 4.91877805252568 6.41210538840033 3.1567759956948 0.000618874273450105 0.0105765691008991
"ENSMUSG00000115869" 45.9774765244444 -4.96049114541203 1.01990234713136 2.18257063466802e-07 1.58492888279259e-05
"ENSMUSG00000116738" 72.0429981229913 -4.09421338875741 1.29051809355252 2.88111731042655e-05 0.000966391474582443
"ENSMUSG00000117076" 32.8804955818499 -5.57433468331502 1.61772272594269 0.000127707401932707 0.00310777411886175
"ENSMUSG00000117232" 11.9142933774151 -0.577335727098885 1.33340358262576 0.00048937341413886 0.00891980921950899
"ENSMUSG00000117404" 59.838064980683 -5.64036378347607 1.45126964618525 7.50786872191477e-06 0.000318246333010094
"ENSMUSG00000117446" 7.75042948574597 7.66879573330361 2.9484144510233 7.97035146498143e-06 0.000333966887706245
"ENSMUSG00000117494" 16.028025936542 -6.30440257805371 2.72024816213869 5.15453146514526e-05 0.00154019090188857
"ENSMUSG00000117966" 16.7523847497491 -3.6872729476854 1.31481621696413 0.000498989814789515 0.00902290412119889
"ENSMUSG00000118078" 7.72705315979564 4.83767617103947 1.43642878429684 7.84997228461449e-05 0.00214514909792606
"ENSMUSG00000118495" 36.0540758877963 3.07552912288373 1.05432480377925 0.000263085694146509 0.00546780267640641
