"baseMean" "log2FoldChange" "lfcSE" "pvalue" "padj"
"ENSMUSG00000009350" 32.5571013942561 -5.27939740797762 1.16681335421181 6.7060578150039e-07 0.000111481505116625
"ENSMUSG00000016494" 34.551088766066 -5.38072748681632 1.13955913231482 2.7454366225827e-07 5.22702528881401e-05
"ENSMUSG00000020399" 26.2013338627891 -3.53064551094344 1.1568710002151 8.0609726669778e-05 0.00720460266751822
"ENSMUSG00000020723" 15.7056523072362 6.29793938093427 2.90208803732379 0.000157197633860263 0.0125129631765285
"ENSMUSG00000028150" 33.0725343538933 2.31741030169242 1.02412005898525 0.000671641941011765 0.0390397749209076
"ENSMUSG00000028717" 35.2449463701448 -5.37279455985885 1.17973127655693 5.19112382446816e-07 8.71689317757158e-05
"ENSMUSG00000029716" 26.8638615538915 -4.14666546734795 1.14878606012603 1.48203934284367e-05 0.0016991325541678
"ENSMUSG00000030142" 19.2533528097882 -5.64842336664185 1.67926841497382 0.000163528650291745 0.012945239440238
"ENSMUSG00000031786" 34.6746800185283 -4.37659638523832 1.05880488102856 1.92976541581891e-06 0.000297040928449755
"ENSMUSG00000038843" 40.3350610993248 -3.47879565674629 1.02790437386898 2.43897171602814e-05 0.00263282245501635
"ENSMUSG00000047592" 31.6551875427089 -3.5737037964719 1.01256342028634 1.63785658677365e-05 0.00183971134449494
"ENSMUSG00000073940" 21.3604575927998 -4.97802987247309 1.43098495015601 4.52427659293044e-05 0.00439833766554828
"ENSMUSG00000115011" 33.1306725209733 2.18240693413537 1.01239295908104 0.000843893737386385 0.0458460440859845
"ENSMUSG00000116395" 36.8835993746861 -3.16402750832015 1.08902946459373 0.000112364396760778 0.00957920888077521
