"baseMean" "log2FoldChange" "lfcSE" "pvalue" "padj"
"ENSMUSG00000000223" 30.5868564469773 2.01212812461822 1.34844356177673 0.00473737252026302 0.0246023452017036
"ENSMUSG00000001665" 34.9433719754107 -2.66049551607978 1.18669763667968 0.00104135070414734 0.00707346499591564
"ENSMUSG00000001948" 17.1043490438124 1.9518443345399 2.06211797605031 0.00752595039850155 0.0357140555274346
"ENSMUSG00000002076" 56.1809097380984 -6.15723915524165 1.16003712593534 5.38320759683037e-08 1.21058921753264e-06
"ENSMUSG00000003279" 11.2601909060137 -0.773282586830223 1.91039144681894 0.00765554545549972 0.0362491550347548
"ENSMUSG00000003949" 37.4933233040993 1.96235382598668 1.04154305306767 0.00280827925803602 0.0160236563428051
"ENSMUSG00000004609" 24.6215924902499 -5.47124020176912 1.63308530716319 0.000175743628463309 0.00159083538828637
"ENSMUSG00000004633" 18.6723555831643 2.08561035473846 1.78944710136724 0.00624079732464605 0.0307066480189525
"ENSMUSG00000004952" 274.132641802151 -1.71238859266456 1.93476734333364 0.0076904148877527 0.0363804911203075
"ENSMUSG00000005628" 27.6961322602462 -3.88801722362351 1.25550851422998 0.000124694472894014 0.00118346390637591
"ENSMUSG00000006344" 30.0265000634047 -5.02168830126844 1.34950752331598 2.89639433566699e-05 0.000335304360391127
"ENSMUSG00000006445" 30.1554955016155 -3.69818456345284 1.22619871808319 0.000143511927694719 0.00133556805319786
"ENSMUSG00000006457" 10.5079421653587 0.575151153550539 1.1192345607024 0.00626249095895143 0.0307957948212667
"ENSMUSG00000012819" 327.106752469471 -4.33938390400383 1.25482798964883 1.68094876047119e-05 0.000206681108835665
"ENSMUSG00000016179" 17.8976340784718 -2.03383254596332 2.16191380090402 0.00780486292034434 0.0368327346413761
"ENSMUSG00000019302" 28.9152064128377 -3.37804473008264 1.10875448797128 0.000126815826295999 0.00119700242398624
"ENSMUSG00000020044" 46.9924712739523 -1.42495410855955 1.00844954332396 0.00945196950813182 0.042812523931717
"ENSMUSG00000020155" 40.9480298207262 -2.2040690061132 1.01726891568926 0.00145027764248661 0.00932530148170004
"ENSMUSG00000020435" 11.5686287136165 -5.5675102767588 3.14854161112638 0.000814985468814802 0.00575366380565728
"ENSMUSG00000020793" 26.3715093972766 -1.46754121234921 1.22026940412773 0.0108668853639172 0.0479981967381636
"ENSMUSG00000020926" 192.433087170791 -0.634474363916357 1.23241023944557 0.00708636961920773 0.0340311689602655
"ENSMUSG00000021061" 18.3578995476468 -2.00592993963827 1.64212459315846 0.0067372694261785 0.0326367275408748
"ENSMUSG00000021176" 38.2964651040111 1.53321067292484 1.09437331369879 0.00827293754819136 0.0385369448905204
"ENSMUSG00000021211" 22.3260495164112 -2.95866822941519 1.33725526221456 0.00111376705077197 0.0074885836130359
"ENSMUSG00000021384" 32.8291025834642 -1.56217869736907 1.16597585675196 0.00864984198044231 0.0399255567939709
"ENSMUSG00000021720" 21.2279297024807 -4.16723670401773 1.52948608302639 0.0004218351811133 0.00331805152048297
"ENSMUSG00000022656" 19.2077085618638 2.9094711875749 1.45248298169119 0.00160166455591942 0.0101100306486874
"ENSMUSG00000023990" 21.7512141152061 2.06408107767024 1.4220033777973 0.00490609426926522 0.0252577345733302
"ENSMUSG00000024011" 24.8851935984172 -3.53659864068137 1.34978730266085 0.000419147235821347 0.00330143131424715
"ENSMUSG00000024013" 35.5386054862888 -1.54542214080293 1.00648094900104 0.00713493193251717 0.0342071632255889
"ENSMUSG00000024124" 48.9802975736283 -8.91934025854376 2.89779120803896 3.3774416992223e-08 7.91562050487121e-07
"ENSMUSG00000024905" 25.241203980756 -3.35611684395368 1.22827223864013 0.000328593842966004 0.00269926444393532
"ENSMUSG00000025058" 62.0929868990004 -9.34757374094141 2.92962802796106 6.12262159047297e-09 1.610202740725e-07
"ENSMUSG00000025069" 31.7046998926552 -2.55165038437744 1.07449193630035 0.000824290045492766 0.00581220643620892
"ENSMUSG00000025221" 12.9253564566935 -5.85088619090261 3.11388040827521 0.000556956124488478 0.00417862639391922
"ENSMUSG00000025500" 33.5369294767899 -3.17258065011721 1.15141185870816 0.000282493876298485 0.00237493387658257
"ENSMUSG00000025586" 15.4158285299801 4.11037956208035 1.68929118052949 0.00083455633528876 0.00587257656523047
"ENSMUSG00000025856" 24.221725909868 -4.59631668773709 1.42806762458668 0.000138157841339698 0.00129272513575102
"ENSMUSG00000025934" 12.0046334799179 -1.00306689435466 4.74385941903704 0.00896966683401183 0.0411607407377588
"ENSMUSG00000026062" 19.3487223150235 -1.78252094146184 2.36628522325944 0.00918677735716855 0.0418543842249631
"ENSMUSG00000026765" 237.780392396058 -0.643515433912231 1.34402639822672 0.00219019417420762 0.0130699933022076
"ENSMUSG00000026825" 14.9220048867418 -1.85342018770928 2.40302768274023 0.00922166968006564 0.0419467868784818
"ENSMUSG00000027196" 28.5226257925477 -1.70718184922758 1.2028949451346 0.00688063132667691 0.0332097941253395
"ENSMUSG00000027204" 17.6408807200578 -4.6312367652807 1.82952691904832 0.00112193719511262 0.00753763265328006
"ENSMUSG00000027298" 18.456926705037 1.69705310938001 1.71948679882577 0.00931185975060178 0.0423011856708508
"ENSMUSG00000027562" 16.9748889276914 -3.44314376967295 1.84998336180911 0.00240939436554407 0.0141122840329351
"ENSMUSG00000028451" 25.4698995371208 -1.81121898745787 1.5889643533118 0.0077838687370796 0.0367456626102859
"ENSMUSG00000028782" 23.1980197646936 -1.93452018832929 1.4924501783365 0.0065517980219949 0.0319087567788759
"ENSMUSG00000028864" 20.9452569158558 -5.10794533421762 1.72600525131019 0.000467734367162785 0.00361471162348414
"ENSMUSG00000029095" 58.7076196948429 -1.71460753592292 1.06134014568398 0.00514681429664919 0.0262382429932166
"ENSMUSG00000029477" 35.5312447645256 -2.39717157664617 1.12322968400563 0.00140608183126996 0.0090682012824621
"ENSMUSG00000029848" 28.372877547807 2.4056131598283 1.16316099155614 0.00157898883503277 0.0100109170674548
"ENSMUSG00000030306" 27.6236245656614 -4.78344317734893 1.41152911387634 7.21450551050553e-05 0.000739744475737906
"ENSMUSG00000030345" 23.4320035422989 -7.44508542703739 2.87328887057455 8.84359750386175e-06 0.000117818879042167
"ENSMUSG00000030401" 48.1214544455176 -2.49238431856792 1.14788647021748 0.0012023143228069 0.00795355857322257
"ENSMUSG00000030413" 15.3777961097174 -2.60413051140637 2.07930352596184 0.00567866445845195 0.0284703237557861
"ENSMUSG00000030486" 28.9979721494514 -1.81160977536456 1.17574976713153 0.00549763041132938 0.027690696334959
"ENSMUSG00000030650" 29.1639186717018 -3.38075973178333 1.12184429009672 0.00013877251010393 0.00129636402334615
"ENSMUSG00000030882" 50.945497263698 -1.51645919661362 1.07319759795336 0.0083325087878793 0.038730652018351
"ENSMUSG00000031169" 15.3227013682528 -4.3200316228063 1.96646342694655 0.00224459332108524 0.0133145194728011
"ENSMUSG00000031383" 13.5667686450202 0.944433833947905 2.47781409451544 0.0106719231451713 0.0472703903570892
"ENSMUSG00000031616" 18.4140200356356 -4.82214003266635 1.78989642301063 0.000864756295562035 0.00604802758723168
"ENSMUSG00000031962" 32.9277315124666 -3.33935540761246 1.14819055896447 0.000180803353605983 0.00163063799435427
"ENSMUSG00000031994" 10.4219864170178 -0.585746242023515 1.11776118555823 0.0104105735141074 0.0463631177233747
"ENSMUSG00000032128" 11.1786174422756 -0.807433315010806 2.66757999100245 0.00096155921631923 0.00662287847273693
"ENSMUSG00000032691" 17.8168550385119 -0.75222881163034 1.9859362843094 0.00327006369584179 0.0181827363539608
"ENSMUSG00000032988" 10.2035892639232 -0.553247108228123 1.07717806867408 0.00159655711566021 0.0100992697819679
"ENSMUSG00000033538" 22.3684783118631 -5.26316475316074 1.68170280099333 0.000311011597640409 0.00257819334983334
"ENSMUSG00000033565" 52.7737462192969 -6.04535711545653 1.18328388688548 1.30549909838744e-07 2.73916290728649e-06
"ENSMUSG00000034201" 30.0825950393193 -1.75139437239744 1.09282089207574 0.00525487257961346 0.0266707233519215
"ENSMUSG00000034382" 17.2311991918761 -4.67665627845546 1.81957219289314 0.00113620210276546 0.00761564880242718
"ENSMUSG00000034463" 11.7853554015458 6.32038678141793 3.10483082201871 0.00032563426488039 0.00268259629976275
"ENSMUSG00000034930" 23.5177009996083 -1.94537566117992 1.50851954452352 0.00648390657083196 0.0316487258012705
"ENSMUSG00000035517" 33.8426828125311 -1.93883427491572 1.12609665754908 0.00383963878337794 0.0207600808796197
"ENSMUSG00000036206" 19.8883059766345 3.33136757794797 1.401549379459 0.000706507799093115 0.00508840449564864
"ENSMUSG00000037621" 100.523800974693 -10.1950853178929 3.00122445209036 1.61584320518151e-10 5.55579142763607e-09
"ENSMUSG00000037664" 20.8386822620368 1.91362216848973 1.51540838458885 0.00657955072901236 0.0320167629542279
"ENSMUSG00000037989" 19.6896167115732 1.56962242418063 1.5700158742404 0.010567577838038 0.0468805294458005
"ENSMUSG00000038670" 28.2706194412414 -3.9253612908748 1.17806270392609 5.61549440644665e-05 0.000594180016249693
"ENSMUSG00000038973" 15.8093659141397 -2.72217696778248 1.97809770743678 0.00493221711518698 0.0253694750750107
"ENSMUSG00000039450" 35.7807465632775 -2.53541483953313 1.01968819506559 0.000626647358704616 0.00459150463676977
"ENSMUSG00000039552" 18.5423765342219 -2.77710059308257 1.68884256274264 0.0033470830417771 0.0185213146410705
"ENSMUSG00000040298" 12.0568368619281 -3.56819905552348 2.32377093374019 0.00583212315846793 0.0290863212298114
"ENSMUSG00000041673" 25.8119306168474 -3.70568989883525 1.32309648927998 0.000284955971585652 0.00238980115215893
"ENSMUSG00000041688" 32.5632490554671 -2.39363324926999 1.14700533735252 0.00159479808072419 0.0100925759509753
"ENSMUSG00000042262" 25.2331127370622 2.59766539219048 1.18145898864263 0.00114573092760516 0.00765568695070846
"ENSMUSG00000042477" 10.4319461860643 0.628034745184494 1.22176535730484 0.0081204610564624 0.0380013752128827
"ENSMUSG00000042662" 47.1700310274056 -4.85794906403123 1.0365558268964 2.55691597910142e-07 4.97688527186452e-06
"ENSMUSG00000042784" 25.7997825267352 -3.72837895192813 1.29746771635878 0.000236914203474247 0.00205182708348284
"ENSMUSG00000043017" 19.0015391444431 2.04723498500779 1.84078499936953 0.00651729465085603 0.0317676620417787
"ENSMUSG00000043289" 24.7905362881714 3.13150809780505 1.1893786566298 0.000370459415725471 0.00296815530013347
"ENSMUSG00000043940" 10.4665917937074 -0.563146024215354 1.05949188093486 0.0108861435290712 0.0480709326920741
"ENSMUSG00000044164" 37.1335461581784 -8.39243403247422 2.87557543430136 2.92060524620074e-07 5.59625650401044e-06
"ENSMUSG00000045053" 17.9379599774362 -6.81057608942776 2.92289152209187 6.15457846083416e-05 0.00064449099432419
"ENSMUSG00000046456" 29.5781513615959 -3.66033741741998 1.23221771512389 0.000164661260953506 0.00150235957689889
"ENSMUSG00000046768" 33.1129969620086 -3.43369054643809 1.02956312261719 4.92646041913708e-05 0.000531058868460922
"ENSMUSG00000046774" 29.7876027523403 -4.4606623376711 1.21851684639528 2.3074765387239e-05 0.00027318619145057
"ENSMUSG00000047641" 18.5333904106304 -3.30452895067153 1.52138256478924 0.00132205820567318 0.00862743157140666
"ENSMUSG00000047747" 16.0725239280778 -4.40777141303731 1.88372404253212 0.0016518699648461 0.0103699387807722
"ENSMUSG00000047910" 17.9779749080929 -4.75313507619472 1.81767742040676 0.00101523780742312 0.006934372113668
"ENSMUSG00000047988" 26.2855020485804 -2.30786257137468 1.34590150992531 0.00317799810230262 0.0177280425227542
"ENSMUSG00000048852" 26.3816353133841 -2.05456427839827 1.4221985681967 0.00482219631995694 0.0249151631096515
"ENSMUSG00000050164" 20.7448712942646 -4.05277374460298 1.72012547858026 0.00103768788318877 0.00705693307375041
"ENSMUSG00000050377" 26.5194454649444 -4.76513416989825 1.35990244208789 5.43500503589467e-05 0.000577209597708518
"ENSMUSG00000050541" 13.9630419044802 -6.15238337500403 3.00808096091174 0.000283380361425405 0.00238075852166421
"ENSMUSG00000050821" 33.9058812960983 -3.21747697197972 1.02121548288281 8.40467848352987e-05 0.000843209036443131
"ENSMUSG00000051703" 12.6346058193306 0.743487506850753 1.5261802309632 0.0104573145191382 0.0464871483630127
"ENSMUSG00000051727" 14.7913910844351 -4.27204872669761 1.9521287045554 0.00233666800144326 0.0137564740235344
"ENSMUSG00000051965" 14.3348861601639 -4.17490298688542 1.99364804087244 0.00272861596801515 0.0156729372007432
"ENSMUSG00000052305" 103.466449595134 7.63234528345825 1.10083998816077 5.16031055107036e-12 2.21123158091388e-10
"ENSMUSG00000052572" 15.3445492832522 -2.61579767265961 2.05630889407969 0.00558962649342461 0.0280719842494847
"ENSMUSG00000052730" 109.701587157766 -8.05644497320775 1.36557217631497 9.78916283219026e-09 2.49081416465745e-07
"ENSMUSG00000052821" 30.3180034894673 -3.1355628336914 1.24072516970671 0.000516619775273704 0.00392039306117393
"ENSMUSG00000053113" 443.868071530065 -2.02271475259427 1.02981707284496 0.00211177249304757 0.0126953533376699
"ENSMUSG00000053550" 14.3031829361235 -6.23604033071793 2.98472811368603 0.000231059383139036 0.00200725250379815
"ENSMUSG00000054006" 41.7550782606259 -4.65284565801802 1.15433758460335 4.79394369378414e-06 6.93953563606097e-05
"ENSMUSG00000054752" 38.0217411515419 1.52134842385118 1.2651200800233 0.00989258188137818 0.0444933721902403
"ENSMUSG00000055446" 30.2170463020429 -1.67765551246974 1.1036725874228 0.00636018368641551 0.0311605586411245
"ENSMUSG00000055497" 33.0554894326698 -3.14197715814269 1.15668939040235 0.000315342680947406 0.00260407143911793
"ENSMUSG00000055629" 19.8273861226019 -4.13868826169735 1.55143346970434 0.000580627594287734 0.00433380572358754
"ENSMUSG00000055945" 21.2422958119929 -4.3027009484057 1.50444533680365 0.000362671393151108 0.00291524844536677
"ENSMUSG00000056032" 29.3656439205476 2.24940888165968 1.21303111577614 0.00240901031467499 0.0141122840329351
"ENSMUSG00000056411" 44.3746226417056 1.9830335689331 1.50555992609883 0.00547714752708839 0.0275955961689455
"ENSMUSG00000057337" 29.8671846959052 2.39273498514159 1.23907566876079 0.00198867615990126 0.0120835751430191
"ENSMUSG00000058589" 15.2449642880107 -6.38561490049961 2.97725353689504 0.000176353381867543 0.00159551646851381
"ENSMUSG00000059887" 299.214967033671 -0.573765465958354 1.12189899791535 0.00281928653269551 0.0160704929888196
"ENSMUSG00000060224" 18.2742646255835 -6.87248581013611 2.90635530551787 4.89573947534641e-05 0.000528408572696223
"ENSMUSG00000061086" 38.2846371889024 -1.64923937955159 1.11311053684889 0.00645895008616849 0.0315636522508762
"ENSMUSG00000062585" 27.5537468911105 1.51137881592745 1.25474715849099 0.0101463851590097 0.045445041796438
"ENSMUSG00000067586" 45.1251133243346 -3.61536570968808 1.00511537983661 1.86006516488519e-05 0.000226601715207301
"ENSMUSG00000068686" 15.4247346287195 -3.41777290721354 1.84189294414084 0.00286769705264219 0.0162443108940527
"ENSMUSG00000069267" 40.4724806410662 1.50658941700424 1.50007420967442 0.010832591130478 0.0478589932838199
"ENSMUSG00000069805" 15.8466046082547 -6.48020991848518 2.96941588409214 0.000145371093957888 0.00134922546579665
"ENSMUSG00000069919" 13.1340170337128 4.49559740251379 2.08115289514473 0.00221115198719378 0.0131572217114661
"ENSMUSG00000070390" 22.2161831209084 -1.53809812249034 1.57073193486163 0.0112216332135131 0.0493373797182175
"ENSMUSG00000070867" 12.3154044298333 -5.70279186978362 3.14974584624054 0.000707401702558334 0.00509222805193057
"ENSMUSG00000072673" 21.8906029672516 -2.27529715920137 1.38777284261304 0.0036092461265916 0.0197123886419363
"ENSMUSG00000072679" 20.8202740338498 3.91361677810206 1.73315003967172 0.000860949838140104 0.00602629902958205
"ENSMUSG00000073402" 14.577506188023 4.83808333509261 1.92159057965661 0.00118500830117326 0.00785717975212108
"ENSMUSG00000073403" 32.5722647559692 4.16013037397518 1.09403012986826 8.35687629018142e-06 0.000112202300058196
"ENSMUSG00000073940" 36.5187940531013 5.82806407572932 1.37988028164327 3.27781848263416e-06 4.95295624402246e-05
"ENSMUSG00000074004" 15.6100404395028 -6.41819546725712 2.99201845850823 0.000176598027907392 0.00159689114369172
"ENSMUSG00000074627" 22.5924654478102 1.52012429507624 1.44692274538097 0.0109387849455829 0.0482662677952387
"ENSMUSG00000075270" 21.3655832929662 -7.23945449915884 2.88163848322133 1.68855442664266e-05 0.00020732030330254
"ENSMUSG00000078117" 12.1785807404768 -5.73530226085304 3.10191476000521 0.000621660433100741 0.00456661945441081
"ENSMUSG00000078616" 40.6576672641005 -4.3410948508319 1.05227525014505 3.10534568593051e-06 4.73805888271382e-05
"ENSMUSG00000079056" 28.8052078914134 -7.85772561584679 2.88722607642027 2.73938045652431e-06 4.23976349901956e-05
"ENSMUSG00000079143" 40.9781490811005 -1.80128968869075 1.02616143125508 0.00402673362859766 0.0215551626744013
"ENSMUSG00000079339" 30.9041761150826 -1.83511071615489 1.06792380198003 0.00413840556523015 0.0220297201071244
"ENSMUSG00000079507" 31.6846287383284 3.91627019919305 1.02624468723164 7.86418795472104e-06 0.000106333203852453
"ENSMUSG00000079711" 11.9337048651086 -5.63559347265198 3.14846392998302 0.00075862305208503 0.00541343856471281
"ENSMUSG00000081965" 22.9457406524791 -1.77649873513622 2.00640934445343 0.0083516077431061 0.0387898025997456
"ENSMUSG00000083582" 14.4180032263267 -4.18801574440544 1.99042821162229 0.00267980846458496 0.0154286031453678
"ENSMUSG00000084803" 48.2437178330945 -1.59756412179986 1.0883349453697 0.00687610468907039 0.0331972475823785
"ENSMUSG00000085340" 16.3107106471857 3.14458220786066 1.61679939702322 0.00179861243971375 0.0111169350148938
"ENSMUSG00000085673" 30.0205363482681 -1.44341335866455 1.1187240789283 0.0104439047914428 0.0464395208924607
"ENSMUSG00000085852" 29.6130972746397 -5.83664714260745 1.56886938489087 6.06777913214528e-05 0.000636950416394482
"ENSMUSG00000085975" 36.8559179540132 -1.72694584458878 1.05182596010658 0.00511510789120641 0.0260850651323713
"ENSMUSG00000086194" 10.5686654154153 -0.621655980303436 1.27661571810209 0.00129304607572609 0.00847242742505044
"ENSMUSG00000086924" 27.109374828494 -1.66607731056803 1.40170047321206 0.00855556809653623 0.0395806018141026
"ENSMUSG00000087113" 14.8374997023081 -2.95002812806758 2.15599541582676 0.00479599052186952 0.0248393664250524
"ENSMUSG00000087361" 35.7552128650456 -2.77008756860607 1.09638333399925 0.000526870318694541 0.00398947493718508
"ENSMUSG00000087742" 16.4480516162357 1.63855537962965 2.10773070281787 0.01012548528562 0.0453713515601624
"ENSMUSG00000089679" 30.7325227125159 -1.69526003617297 1.13578375005641 0.00646167336289251 0.0315680049203591
"ENSMUSG00000089683" 28.609815448843 -3.09265945650905 1.09491334066136 0.000237998140293778 0.00206017887673398
"ENSMUSG00000089965" 25.2489438803583 1.76024596218092 1.45245482766322 0.00767947902776949 0.0363425015748234
"ENSMUSG00000090080" 31.681942430965 -2.12986245945571 1.2114978116114 0.00321208384128915 0.017908540836867
"ENSMUSG00000090214" 17.1662491413706 -6.71529338601337 2.92271498515892 7.50377388560779e-05 0.000764399816401418
"ENSMUSG00000090248" 27.8347457239406 -1.53216894212394 1.15195496810648 0.00908740270843128 0.0415665425001161
"ENSMUSG00000091405" 2206.05039860957 2.47270293305112 1.12142320206735 0.00106787398589588 0.00723081654129026
"ENSMUSG00000091412" 14.957380000345 2.32854900399651 2.70938211230198 0.00636813443290121 0.0311791148475764
"ENSMUSG00000091648" 36.3253526015295 4.89121955978749 1.20923160150227 3.66120939663747e-06 5.4415869772629e-05
"ENSMUSG00000091764" 32.1358669640897 -4.21089566611608 1.17124716684246 2.53365638011839e-05 0.000296903161931424
"ENSMUSG00000092305" 15.9364897786091 -4.45365791874186 1.90327947795864 0.00175872934509725 0.0109213668704561
"ENSMUSG00000095061" 30.840845505594 -2.24852476452785 1.10918079798948 0.00187938804338192 0.0115348019986611
"ENSMUSG00000096929" 24.258577797083 -2.91395578190523 1.2330584450238 0.000800250192693185 0.00566588977366741
"ENSMUSG00000096977" 22.1754287799654 2.32326396027591 1.39901282819273 0.00329184388264987 0.0182743482831217
"ENSMUSG00000097155" 49.422384788032 -1.45018877347805 1.06075970199242 0.00953935280224598 0.0430959589224992
"ENSMUSG00000097330" 31.736845134004 -1.43850806773356 1.05278006485649 0.00988773465550662 0.044483185472906
"ENSMUSG00000097476" 32.6988804719479 -3.90766111138209 1.14527130843437 4.24266032615218e-05 0.00046669263587674
"ENSMUSG00000097519" 32.1639653097541 1.64478181042107 1.30204131184974 0.00827056450946997 0.0385363116689558
"ENSMUSG00000097749" 11.2269440795486 -0.741130502846179 1.70799681930197 0.0078319002766274 0.0369117138618833
"ENSMUSG00000097817" 12.2284509801745 -5.76418111460079 3.0855280327807 0.00058065851677929 0.00433380572358754
"ENSMUSG00000098055" 34.9930463697132 -1.94845458682633 1.19665802152933 0.00430720743202382 0.0227594954674976
"ENSMUSG00000098204" 38.6161821346167 -4.23677304429172 1.07885280883337 6.69504098865947e-06 9.26335550768257e-05
"ENSMUSG00000098210" 31.5525601858544 -1.58839637581834 1.17087489689515 0.00828883937228762 0.0385692995751017
"ENSMUSG00000099158" 36.1567551737737 -1.51687835504529 1.22620542428826 0.00984411114229838 0.0442985001403427
"ENSMUSG00000099413" 35.5066609742258 -3.94724308989562 1.18568097165748 4.78735305333189e-05 0.000518334027006254
"ENSMUSG00000099746" 32.4509173917302 -3.32388154830742 1.1676475214437 0.000220850607573213 0.00192919501321306
"ENSMUSG00000101133" 19.4502366426688 -3.40013675741514 1.51244142096993 0.0011072231000604 0.00745622561440202
"ENSMUSG00000101483" 29.6689864398825 -7.92155647296813 2.88440077886384 2.12257375167234e-06 3.39493551033499e-05
"ENSMUSG00000101501" 17.6619390951694 -3.15235267498718 1.58630239975988 0.00189599673359914 0.0116229322893163
"ENSMUSG00000102461" 29.6132686848816 -2.1379323801257 1.13881707724995 0.00261709485298902 0.0151123649315832
"ENSMUSG00000102509" 24.555540854628 -2.25930857206931 1.33362622323262 0.00323221956404349 0.0179897299548346
"ENSMUSG00000102715" 33.251560099185 -6.0043249241721 1.54350498880635 3.2619973530593e-05 0.000370596930794626
"ENSMUSG00000102882" 21.3735840312748 -2.40255100577709 1.63419916402767 0.00433395222737526 0.0228517481079786
"ENSMUSG00000102895" 18.0958824031456 -6.84497273343711 2.91090679537893 5.34108983631968e-05 0.000569341667824522
"ENSMUSG00000103088" 40.1146471005092 -2.68194709194679 1.12057545786501 0.000725792982854202 0.00520937913443604
"ENSMUSG00000103284" 32.7288846094097 -2.67990084991178 1.21662540024423 0.0011369619162015 0.00761777750621825
"ENSMUSG00000103472" 17.8023689221967 -1.93555742287861 2.34998199542935 0.00844283399622723 0.0391483871921966
"ENSMUSG00000103839" 17.4547450081454 -2.14868258225465 1.72214551522236 0.00611222340525371 0.0302543360221653
"ENSMUSG00000103883" 16.1222386836216 -2.33622681397371 1.86927319234578 0.00591196762952642 0.0294163935257719
"ENSMUSG00000104245" 31.2690574981004 -1.45935522913754 1.15825464962791 0.0105648385898008 0.046880450682099
"ENSMUSG00000104517" 17.6741275465229 -4.64953675820544 1.81576353465089 0.00106614430725942 0.00722194330981155
"ENSMUSG00000104669" 15.0417662548965 4.90622398109738 1.92179182110854 0.00110424669235731 0.00744491331606536
"ENSMUSG00000104835" 33.2773765236018 -2.1484446395161 1.13292367467724 0.00252843538346077 0.0147077412900815
"ENSMUSG00000104888" 19.7941392961367 -4.13307130196357 1.55434908023364 0.000591965504663929 0.00439723923386841
"ENSMUSG00000105096" 10.4318417260588 -0.569032084484679 1.11826356981829 0.00147190711947452 0.00944322981008123
"ENSMUSG00000105183" 42.5937039569516 -8.63421799882375 2.90243841885507 1.53847892404857e-07 3.16828177220585e-06
"ENSMUSG00000105343" 12.4248447341158 -0.727795820242387 1.54206617059745 0.00934234420328881 0.0424172960584747
"ENSMUSG00000105708" 30.8715541376556 4.10099416415595 1.06295228167278 7.04344621001388e-06 9.66006404567668e-05
"ENSMUSG00000105909" 35.1800916283165 -3.28841340025326 1.11690040943484 0.000164425388543985 0.00150100251354461
"ENSMUSG00000106430" 11.8921463320272 -0.706879323902877 1.68196668364579 0.000901346150856612 0.00627083553903716
"ENSMUSG00000106976" 11.6268106599305 -5.5947831945742 3.13403435660092 0.000772085558028205 0.00549584538123713
"ENSMUSG00000107061" 25.0613185171347 -3.63570546086175 1.34255574873411 0.000364436758046127 0.00292807257187621
"ENSMUSG00000107300" 17.1191551382146 -2.40340174555026 1.99376766874188 0.00587409825738193 0.0292538106958439
"ENSMUSG00000107709" 28.4267276574596 -2.50606187034794 1.29235871896246 0.00201714101823455 0.0122048722093812
"ENSMUSG00000107728" 31.1007253531779 -1.99192402833912 1.05271303527904 0.00276686295049259 0.0158292863451297
"ENSMUSG00000107798" 25.6779382530175 3.89465551355233 1.26780490928949 0.000103721333397231 0.00100943711248627
"ENSMUSG00000107877" 30.197531529356 -2.11976033523392 1.07565965131033 0.00228120820013989 0.0134945372443715
"ENSMUSG00000108176" 17.4486517002195 2.94043305858703 1.54996516675545 0.0019441458765455 0.0118590144721575
"ENSMUSG00000108393" 26.679660671725 -4.23236982688332 1.26836808574073 6.69075333583103e-05 0.000693471221197504
"ENSMUSG00000109079" 14.9199030671753 -4.27847238946396 1.9615293097761 0.00234448446674518 0.0137895077912025
"ENSMUSG00000109721" 30.1522517356912 -2.25836508663426 1.05986866954417 0.00154639070371614 0.00984409691877834
"ENSMUSG00000110298" 27.042288557992 -3.49491034215931 1.20795192152738 0.000206896064774979 0.00182301361218097
"ENSMUSG00000110586" 26.0114666646231 2.08240721422842 1.64803321077023 0.00555512284090874 0.0279312743892277
"ENSMUSG00000110958" 40.1435740880079 -3.14606691262293 1.11207627672685 0.000219009067639641 0.00191602346326077
"ENSMUSG00000110998" 41.3993739627043 -8.59896087725311 2.88626776615756 1.34620316345961e-07 2.81087220530367e-06
"ENSMUSG00000111292" 24.5629430145534 -1.57961031990956 1.30355762995937 0.00950673241194645 0.0429824074877138
"ENSMUSG00000111449" 12.8799615401162 -5.92637828451396 3.04730230735944 0.000433322320359158 0.00338846547045545
"ENSMUSG00000111617" 25.7558657185575 1.55796485741547 1.19684783141988 0.00899571880257319 0.0412347663898685
"ENSMUSG00000111807" 18.715534254893 -3.94802820111261 1.64344539529299 0.00102520031687349 0.00699213391557192
"ENSMUSG00000112023" 55.5094228368987 -4.83683113866284 1.05865212627221 4.33859893257962e-07 8.03620486157167e-06
"ENSMUSG00000112963" 21.2332349267301 -7.12312783595182 2.95727421174613 3.79663907531438e-05 0.000422213716664722
"ENSMUSG00000113321" 11.9215567749964 -5.62376095280376 3.15499038196203 0.000776329213093117 0.00552148927528573
"ENSMUSG00000113985" 32.0158221721197 -5.98816702549343 1.53988349739125 3.63473530004644e-05 0.000407049651262283
"ENSMUSG00000114370" 25.3341359947186 -3.0657811477135 1.19084000944594 0.000483918323069083 0.00372122181653699
"ENSMUSG00000114558" 19.2330721236912 -1.85955551500813 1.64593734747565 0.0079406528528429 0.0372645194615672
"ENSMUSG00000115555" 12.693267611062 -5.87542041993301 3.06180229835089 0.000480073588240975 0.00369515086284139
"ENSMUSG00000116238" 15.5199997849945 -3.31884741775698 1.96666621406514 0.00354402591104961 0.0193992343005213
"ENSMUSG00000116644" 33.3471472659653 -2.48069252333054 1.02846749159095 0.000749361816277982 0.0053540052456261
"ENSMUSG00000116720" 11.1453706158105 -0.729098317810082 1.81069529547597 0.0010138209318033 0.0069329413939038
"ENSMUSG00000116812" 28.4323024118546 -3.37286163645733 1.28219878453327 0.000352555906836113 0.0028472201406946
"ENSMUSG00000116957" 38.8631953069022 -3.30875919148659 1.06733029075741 0.000100715820367204 0.000983520817259325
"ENSMUSG00000117019" 32.1495586566267 -4.60902903640209 1.23373127822619 1.85956068338192e-05 0.000226601715207301
"ENSMUSG00000117204" 60.1088892920523 -5.74770761140053 1.02587644549716 6.11620244157372e-09 1.610202740725e-07
"ENSMUSG00000117442" 20.2075420849018 -3.55950302737424 1.51967504880115 0.000972668862797746 0.00668603105768315
"ENSMUSG00000117520" 13.2816045018802 0.648761561680027 1.23305186954508 0.0109189011772396 0.0481908766792544
"ENSMUSG00000117557" 26.3899480969213 -2.88433127887717 1.15846946720178 0.000590288867891744 0.00438856971873249
"ENSMUSG00000117990" 14.8798881365186 -6.33907566349514 2.97247095537535 0.000187136727166994 0.0016737368962506
