"baseMean" "log2FoldChange" "lfcSE" "pvalue" "padj"
"ENSMUSG00000000125" 5.17515375691146 1.17878674850426 2.39960281689828 0.0101094612761341 0.0384209470730068
"ENSMUSG00000000223" 19.7602968629848 -3.96638827332989 1.06010697354962 1.66064162735741e-05 0.000189481767429566
"ENSMUSG00000000440" 8.12253583610485 -5.62410800898805 1.77012793343494 3.49411665481149e-05 0.0003638173936988
"ENSMUSG00000000617" 20.4559193351217 3.52919797247684 1.86349021646504 0.00249604933601922 0.0125347674664967
"ENSMUSG00000000861" 26.1731000372026 -2.59583502088722 1.10649952578773 0.00211265495356628 0.0109730782605122
"ENSMUSG00000001270" 353.158789987494 3.3307477654682 1.25862663275408 0.000184875965618537 0.00147797324712309
"ENSMUSG00000001507" 34.7843204725247 4.03399830338022 1.06161931216611 1.4541798473091e-05 0.000169009327750591
"ENSMUSG00000001739" 8.59935685967658 -3.30824437881193 1.27616214000625 0.000871010385265993 0.00531157003844219
"ENSMUSG00000001946" 10.3472979861409 1.0734697481497 2.41708053796582 0.00334682354909213 0.0159312624057451
"ENSMUSG00000001948" 12.6342820998996 -2.38062304078355 1.24332779196957 0.00557166042736856 0.0239407845044524
"ENSMUSG00000002020" 9.55268321327702 3.03708680069585 1.88361577967526 0.00866267617884616 0.033945204486118
"ENSMUSG00000002504" 14.6837937009191 -2.56736268157869 1.1638152764685 0.00278271533027521 0.0136756442349299
"ENSMUSG00000003418" 54.5615861672756 4.5036460468297 1.80125312852623 0.000281686312742428 0.00211101147526191
"ENSMUSG00000003534" 20.6758325978661 1.62722130776841 1.11754639589248 0.0136090237634898 0.0483580908362629
"ENSMUSG00000003863" 4.11155989977852 1.77630667917997 3.72376531860047 0.0114143861998275 0.0422406203087789
"ENSMUSG00000004110" 1267.50368997856 0.467150487151045 1.06534889781144 0.000971541144821276 0.00580429091359473
"ENSMUSG00000004151" 15.361733391281 3.62070622446898 1.16877112894154 0.000384388444851294 0.00272353442221594
"ENSMUSG00000004267" 107.886729679042 3.34285671884207 1.17762820346185 0.000124775424807738 0.00106338221005725
"ENSMUSG00000004631" 12.3857019135188 2.16094295283725 1.11689191687476 0.00529415811473851 0.0229505311250541
"ENSMUSG00000004665" 2110.11733434036 1.79579933509773 1.06451277225641 0.00622385183961734 0.0261752490529912
"ENSMUSG00000004842" 8.11615836767355 -2.01167099589018 1.14944716712064 0.00935203186824747 0.0360631080448594
"ENSMUSG00000005268" 16.0829321620505 5.68637300048228 3.18905175971921 0.000665495149676182 0.0042677890297605
"ENSMUSG00000005611" 19.5812142930833 6.73256064897396 2.65607486850896 1.41456833467502e-05 0.00016478856045527
"ENSMUSG00000005883" 1354.03600288287 2.7781415263247 1.09314165733748 0.00036499087649069 0.00262044059998808
"ENSMUSG00000006344" 15.1534068638928 3.36926491389848 1.4679321908898 0.00192868233232207 0.0101868244021933
"ENSMUSG00000006930" 23.5073177446756 0.874099697127425 1.5993396394893 0.0131345418476111 0.0470313473032435
"ENSMUSG00000006931" 99.9162849960928 9.55276373326007 2.99237438311374 2.45998265559391e-08 5.91401118716218e-07
"ENSMUSG00000009551" 13.4315472363657 3.04951341359406 1.58083493775508 0.00389613398690056 0.0179811887415748
"ENSMUSG00000010154" 12.5888538750511 -2.94175295805037 1.31475488613951 0.00232427933250273 0.0118446459130496
"ENSMUSG00000011589" 7.11653431393774 -5.49147502736584 1.79605909308455 7.44108781098487e-05 0.000686832664491552
"ENSMUSG00000013562" 6.54819577116064 4.0975921080566 2.81869992808866 0.00243848176170818 0.0122919637594978
"ENSMUSG00000015001" 4.77155876229813 1.06167019942281 1.98918888792909 0.0121862403177806 0.0444473338505193
"ENSMUSG00000015599" 9.19293054417816 0.584304281487658 1.17570583873387 0.00875415858457548 0.0342260906975525
"ENSMUSG00000016179" 32.459707798668 3.58791971001345 1.0587436913514 5.40985668465426e-05 0.000521735551622249
"ENSMUSG00000016283" 6.11849683716143 3.23223384189547 3.75418851399428 0.00558761074740845 0.0239897286488012
"ENSMUSG00000017390" 11.3323189506459 -3.25968601968124 1.18384020402974 0.000595236262720785 0.00390692766784754
"ENSMUSG00000017446" 10.5576546083403 -2.64185214530763 1.22479133664896 0.00300154077516757 0.0145543802630065
"ENSMUSG00000017950" 5.84455201231434 -3.55895793724604 1.96074401436533 0.00368476081930758 0.0172282809508626
"ENSMUSG00000018554" 133.518753435721 -2.55465307821708 1.15019824004893 0.00287078760402267 0.0140429184777847
"ENSMUSG00000018776" 6.08765996963619 3.10971250354145 4.02719653250819 0.00593328561655043 0.0252076420777914
"ENSMUSG00000018919" 4.34703479062911 2.09430225782161 4.15229731497088 0.00997846302215339 0.038009753831482
"ENSMUSG00000019326" 6.46291804538444 -2.43732297951436 1.66663810062468 0.0099635350798461 0.0379601197461108
"ENSMUSG00000019831" 10.9018549837149 2.71038290546027 1.40492052412061 0.00480910519671188 0.0213190873547498
"ENSMUSG00000019866" 856.813986371686 3.45140903252073 1.10568512462656 4.52302709067567e-05 0.000449426666009413
"ENSMUSG00000019945" 5.7063409770749 -4.88985785101328 1.99533798504291 0.000644255390035529 0.00416104063353457
"ENSMUSG00000020014" 22.9039604746099 2.67713494102339 1.34037611698182 0.0022352948344734 0.0114774577663875
"ENSMUSG00000020017" 23.6199404320239 2.12051733261877 1.2920097516037 0.00551565922969996 0.0237460645528322
"ENSMUSG00000020175" 11.4430894801962 -2.83367647089271 1.05627748159698 0.000777296839312928 0.0048374273117415
"ENSMUSG00000020227" 33.7679298928236 1.87046770548896 1.14236988726995 0.00716514067155335 0.029276006935566
"ENSMUSG00000020256" 12.1054951512264 2.38913282592925 4.21012458295305 0.012213225815578 0.0445376376961151
"ENSMUSG00000020424" 17.5441042330737 3.00540566330012 2.20051863239949 0.0054404424494105 0.0234879624159527
"ENSMUSG00000020431" 88.6474742412181 5.55667132570311 1.47153320701138 5.70453998754076e-06 7.43821439574904e-05
"ENSMUSG00000020644" 486.605921151397 2.55287441491258 1.12907624405475 0.000869406018436034 0.00530663996971546
"ENSMUSG00000020712" 9.88492918832917 -5.25018802822718 1.4360913212602 2.85477507931605e-05 0.000303740158994406
"ENSMUSG00000020902" 347.30659769154 1.68580389782178 1.09196422133136 0.00900973256061059 0.0350335673945049
"ENSMUSG00000020992" 34.6602258347388 5.68880798824842 1.53835858271879 6.99795570819357e-05 0.000650130562356191
"ENSMUSG00000021061" 47.8025028108523 3.62164230097698 1.32613829147899 0.000207753974857999 0.00163088500985467
"ENSMUSG00000021136" 340.633608919672 0.473491680371568 1.06114689980296 0.0103279726531727 0.0390796145599637
"ENSMUSG00000021200" 177.157857426175 0.405173909308815 1.01362168519174 0.000568996355627815 0.00375984972093411
"ENSMUSG00000021221" 6.76370523468256 -5.28077731213854 1.85467608596361 0.000150018235371457 0.00124251128111796
"ENSMUSG00000021262" 789.749669333683 1.99539476610771 1.17849750234879 0.00449269381271176 0.0201745892480592
"ENSMUSG00000021373" 193.581965809301 4.51516858849051 1.26878282944763 7.28277146543217e-06 9.21961992731483e-05
"ENSMUSG00000021388" 14.5144182461871 -3.28811817167391 1.15728555075763 0.000441937128668571 0.00304919849866463
"ENSMUSG00000021565" 638.97302075827 3.76437510288557 2.82758576664839 0.00100138382636555 0.00595124436466216
"ENSMUSG00000021566" 27.549762784596 7.04614967634207 2.96634635783623 4.74761971002672e-05 0.000467391960912336
"ENSMUSG00000021587" 33.2158998109317 5.63210476634041 1.46646945124728 4.96589519695563e-05 0.000485236129601888
"ENSMUSG00000021589" 17.1575225001895 -5.26108825181253 1.15212303210402 5.81584659808506e-07 1.0124331040461e-05
"ENSMUSG00000021636" 19.4607085051085 1.60366434986307 1.07068860018288 0.01392366986875 0.0492803323970741
"ENSMUSG00000021765" 21.2843043509854 6.73151484514792 2.78423863665444 3.54857237613469e-05 0.00036833702474025
"ENSMUSG00000022033" 705.112225624673 -4.33817527172278 1.41513144689886 0.000222213157330255 0.00172677061884995
"ENSMUSG00000022408" 11.116519633044 3.71445163219073 1.58408874741043 0.00328334845134487 0.0156813600104585
"ENSMUSG00000022610" 49.1881255321592 2.11308515820245 1.87323298754554 0.00671219311202997 0.0277563131335174
"ENSMUSG00000022623" 63.2261109021093 8.61121822251628 3.04962288225302 1.78813356715961e-06 2.69324153692217e-05
"ENSMUSG00000022667" 87.5173902700305 5.95123771534815 1.67140864882814 1.39623812636554e-05 0.000162842886318155
"ENSMUSG00000022809" 20.5531231072287 3.15097231524049 1.08764942015994 0.000357921457792705 0.00258359617422219
"ENSMUSG00000023031" 16.77493138398 0.622588584110559 1.24035158645131 0.00267907909398182 0.0132640940687684
"ENSMUSG00000023084" 26.2933348817027 1.95089197620055 1.02746245620337 0.00478226178166793 0.021214193869355
"ENSMUSG00000023191" 62.1804531938835 4.05033075757939 1.46785769341808 0.000158756010115899 0.00130354585974475
"ENSMUSG00000023267" 23.3833778040637 2.94208005900458 1.36988813773246 0.0014099618362968 0.00786010497480729
"ENSMUSG00000023902" 5.86118395807523 3.4723066165752 3.23314339173266 0.00476610124070145 0.0211518875119837
"ENSMUSG00000024397" 11.8584468574663 5.55086932067303 2.74380070771022 0.000326115349381228 0.00238761318386652
"ENSMUSG00000024402" 99.555597574629 2.63409780524936 1.29737065978795 0.00131800725547049 0.00744711331184203
"ENSMUSG00000024437" 5.29726760356532 1.11362182134284 2.19582144329301 0.0101487016696298 0.0385261588149432
"ENSMUSG00000024565" 12.7680939923496 5.73269604382804 2.71423703520487 0.000213982765956015 0.00167256087715991
"ENSMUSG00000024727" 8.35176943045589 0.823996011176665 1.55604907262996 0.00628326289221121 0.0263918152813962
"ENSMUSG00000024936" 8.23577614984406 2.79280237849225 1.94925436782969 0.012399755286678 0.0450126869771567
"ENSMUSG00000024992" 4.73130501152566 2.76253847810531 3.49956118991671 0.00758060053484321 0.0305330591820245
"ENSMUSG00000025221" 16.4662730409252 5.97784718286598 2.96544595508366 0.000303728439806395 0.00224839979756015
"ENSMUSG00000025272" 12.4619605423214 2.26558325610727 1.07504926848194 0.00385186577751411 0.0178221187327868
"ENSMUSG00000025402" 1810.37238972454 4.11086981582577 1.94377465793197 0.000328962927716121 0.00240581955399556
"ENSMUSG00000025597" 150.953774081107 3.66520758777691 1.2053229353305 5.47539990527675e-05 0.000527040177600316
"ENSMUSG00000025652" 4.83462219533068 2.58356537675549 3.90455566981815 0.00807310396179163 0.0321477653680582
"ENSMUSG00000025656" 33.7803246095394 2.05150246884796 1.05180373441817 0.00356414658615021 0.016770990361281
"ENSMUSG00000025702" 13.8163053878393 -2.90992270985407 1.30071149150541 0.00221231136547155 0.011387198129738
"ENSMUSG00000025743" 61.3296996874441 3.49987896653418 1.59942265510974 0.00060106775261029 0.00393665919702391
"ENSMUSG00000025780" 386.514439036001 1.61094088122551 1.1603509147699 0.0119864175761618 0.0438624815877037
"ENSMUSG00000026073" 18.4278558750197 0.865885502665103 1.73991564448513 0.00129991064226766 0.00736149848998802
"ENSMUSG00000026153" 13.2809275468722 -8.8950470568823 3.02069456988412 3.0868467023224e-08 7.30687665560387e-07
"ENSMUSG00000026227" 12.2697393046356 -2.46491844175488 1.85674482456564 0.0117962861224508 0.0433810102999193
"ENSMUSG00000026475" 50.2661544236186 2.2521153614727 1.59087942824278 0.00498315270383571 0.0219025589661279
"ENSMUSG00000026603" 83.3371949297441 -3.41892594901191 1.16587487386975 0.000361148798285554 0.00260183192130486
"ENSMUSG00000026644" 4.60846874775963 -6.2449470001836 3.31343437260786 0.00139304889844005 0.00778100085635238
"ENSMUSG00000026712" 5.63263059761564 3.44564045229973 3.16669279505575 0.00483651245074312 0.0213931716142777
"ENSMUSG00000026728" 2057.87898933312 1.90493417851369 1.04517216604696 0.00428434404335266 0.0193705946224343
"ENSMUSG00000026765" 375.701665286592 4.39206269615041 1.04721709339393 6.11047600848579e-07 1.05819689282885e-05
"ENSMUSG00000026815" 6.57324604141764 -7.27634608314399 3.13778974075631 0.000107411987557528 0.000941891527893767
"ENSMUSG00000026921" 33.4189184813769 -3.70376430514242 1.28022887530051 0.000375888911397243 0.00267849305513632
"ENSMUSG00000026959" 9.19508204278422 4.40841850586137 3.27859656169235 0.00236147542094472 0.0120066678621597
"ENSMUSG00000027217" 35.0576957844431 1.6769832552585 1.4035490890156 0.013240728281618 0.0472846004443712
"ENSMUSG00000027224" 7.80233435450626 0.702057787935152 1.3291408121204 0.00865003720166447 0.033928152725857
"ENSMUSG00000027344" 6.95474412300604 -4.36810028338642 1.678514921201 0.000735703917837482 0.0046231698914814
"ENSMUSG00000027463" 10.5494203257682 5.02060793734492 2.96479887733008 0.00104919392261 0.00617597905828288
"ENSMUSG00000027562" 144.006601935398 7.11239964457992 1.18006181558486 5.66239902528707e-10 1.95274664316883e-08
"ENSMUSG00000027603" 127.576855063183 4.45460479025139 1.10847285213654 1.40811881243363e-06 2.18843764462295e-05
"ENSMUSG00000027863" 4092.93818728678 3.94999656272598 1.01317462315597 2.16695754655327e-06 3.19642218629487e-05
"ENSMUSG00000027962" 17.499491884452 4.64378900008576 1.45039747558117 0.000473374307530971 0.00323596476392156
"ENSMUSG00000028019" 4.47037833510963 1.01395453152476 1.84457806752142 0.0138089913688437 0.0489295740229606
"ENSMUSG00000028023" 4.65766321243372 2.45052647072919 4.03838463409566 0.00859845482806277 0.0337757842637297
"ENSMUSG00000028132" 6.83613718300387 -2.26357875094491 1.32363883087364 0.00830377639245224 0.0328765113621991
"ENSMUSG00000028175" 27.7014945101769 -2.54072186738435 1.07583858447196 0.00204214979835899 0.0106566867380059
"ENSMUSG00000028328" 22.4283869085137 1.84502938766315 1.27349249822241 0.00975106536527942 0.0372499636051029
"ENSMUSG00000028354" 3.23716674635442 -4.78095797807845 3.95077694009687 0.00922698826185805 0.0356703168174884
"ENSMUSG00000028527" 51.3124621247455 -5.57088274695101 1.10109896942075 6.21667458054812e-08 1.38624219576503e-06
"ENSMUSG00000028763" 100.148316797849 2.43923951875155 1.58988370946026 0.0032143661485685 0.0154255642283271
"ENSMUSG00000028766" 13.1359167822002 -3.52865462897323 1.1428139481882 0.00020339682901818 0.00160107964345597
"ENSMUSG00000028841" 5.47882967382446 -2.93878792614715 2.01201997903335 0.00895425933358023 0.0348562248883041
"ENSMUSG00000028876" 4.03949175342989 -5.73842210988002 3.47512412540091 0.00333070828614209 0.0158734398711971
"ENSMUSG00000028949" 6.22022813939694 3.98291081742548 2.8287928103454 0.00276154808389623 0.0135883111375381
"ENSMUSG00000028996" 5.7452964496534 3.5910866324818 3.02797339466809 0.00421717128792078 0.0191447707900571
"ENSMUSG00000029054" 11.6269399386159 5.47202043492453 2.74916975509346 0.000374551565436693 0.00267372605705379
"ENSMUSG00000029074" 9.4283935080591 5.13594034914816 2.6623723832412 0.000513925589214104 0.00345763189891036
"ENSMUSG00000029121" 20.849399117058 6.89069428747172 2.63232816455145 6.80254107096629e-06 8.68866069613459e-05
"ENSMUSG00000029138" 3.8566318065314 1.52391286550742 3.03812428438411 0.0130686649151482 0.0468879645978644
"ENSMUSG00000029166" 28.6885060463959 2.48408086604619 1.05126730895968 0.00108369169909281 0.00635186270673185
"ENSMUSG00000029205" 801.198668901925 2.77200033593691 1.10207918967981 0.000386261603546918 0.00273583732087304
"ENSMUSG00000029314" 50.6327970956926 4.5723027308634 1.15613290151224 5.74777596075215e-06 7.47509848939951e-05
"ENSMUSG00000029322" 221.186753872647 -4.56576349347911 1.60402780825902 0.000411052487736007 0.00286976330181348
"ENSMUSG00000029503" 9.11594910033893 -5.7122717139716 1.85081188820468 5.22293297464497e-05 0.000507624418653298
"ENSMUSG00000029638" 1747.95203081142 2.0873675612671 1.09583119101627 0.00289969898557748 0.014142838114977
"ENSMUSG00000029710" 5.63968507333609 -3.34827330203142 1.6529566398542 0.00332171914809698 0.0158440979712132
"ENSMUSG00000029761" 5.49383685228817 -2.1581438167621 1.43645984067196 0.011704592492992 0.0430887495530811
"ENSMUSG00000029816" 54.920042169823 1.59915129541647 1.8576070193404 0.0139868051096663 0.0494457539419487
"ENSMUSG00000029848" 18.056372566525 -4.47280881673646 1.1732954601801 1.46424996523636e-05 0.000169982169498884
"ENSMUSG00000029859" 55.6719451968257 1.99625818706399 1.41087965837653 0.00684405381579432 0.0281966559059769
"ENSMUSG00000030124" 106.401773065253 4.37964214167502 1.08325176960353 1.46030386745987e-06 2.25552107775539e-05
"ENSMUSG00000030134" 10.7053402246991 5.31821769899349 2.74469967587557 0.00047609240033136 0.00325009812954393
"ENSMUSG00000030313" 7.84533893442654 -1.93871229541204 1.18765679341808 0.0122840048750953 0.0447005492593025
"ENSMUSG00000030339" 12.4850027336988 -2.52526564830892 1.20803771546681 0.00351371218580302 0.0165992610156901
"ENSMUSG00000030413" 37.5554292445363 4.24105369170809 1.52757149281013 0.000245829096255681 0.00188177328102033
"ENSMUSG00000030616" 1218.08061869659 4.25221009272309 1.92173059045626 0.000241740756173239 0.00185605255429754
"ENSMUSG00000030621" 5.02034590765442 1.79918879406605 5.16270382125365 0.00911355698456413 0.035320551599545
"ENSMUSG00000030786" 124.424610728891 3.8740089339777 1.41203549396778 0.00012431844327892 0.00106129641590481
"ENSMUSG00000030789" 9.45017077151575 2.74916024775522 2.30785536096987 0.012519577741556 0.0453817676670175
"ENSMUSG00000031132" 617.76380486763 0.411781400927063 1.01361248011461 0.0063233629113737 0.0264857916412581
"ENSMUSG00000031255" 5.39106129078426 -4.78751920807256 1.99830920757944 0.000755650178633584 0.00472470140144051
"ENSMUSG00000031538" 23.4071196795946 -2.5486125904111 1.73440983603014 0.00970979957920244 0.0371277788536049
"ENSMUSG00000031562" 212.039631670512 -3.66111343617589 1.9803054692783 0.00384675472580967 0.017806708638196
"ENSMUSG00000031709" 10.7643272181331 3.30059398204642 1.94177183514305 0.0071467662973712 0.0292270741116374
"ENSMUSG00000031749" 557.502837186163 2.78639595115333 1.00253892838962 0.000200801460161458 0.00158829360364669
"ENSMUSG00000031779" 71.0608827533754 6.78948562000248 1.62091080564151 8.25119388096186e-06 0.000102700920975108
"ENSMUSG00000031824" 7.81150520683288 2.65360128640469 1.86107996546814 0.0132145783701102 0.0472165052802688
"ENSMUSG00000032013" 5.51706816156778 0.966404386635535 1.8025929322899 0.0105948678006919 0.0399168479467772
"ENSMUSG00000032020" 232.405407181449 2.18840146576108 1.09216879149065 0.0021565428336565 0.0111633462108689
"ENSMUSG00000032194" 32.2738053588268 -2.06378149600489 1.29163999910934 0.0117060426493072 0.0430887495530811
"ENSMUSG00000032281" 15.0739405657552 0.784759918156801 1.45780033536879 0.0138969387691337 0.0492063319632171
"ENSMUSG00000032343" 6.95860858405438 3.88972899297293 3.20069396813765 0.00348300430255875 0.0164775430604967
"ENSMUSG00000032387" 28.0611216804823 3.68871806748065 2.39070247089707 0.00269145811970813 0.0133011671483296
"ENSMUSG00000032528" 102.029303664133 1.64592951008646 2.1576942287643 0.0113287624920695 0.04197812289114
"ENSMUSG00000032547" 22.268661428509 -2.96138132301451 1.47493192378498 0.00376233871163733 0.0175132182709262
"ENSMUSG00000032679" 9.39093530981871 -2.92303168142104 1.10079644319959 0.000791738184643232 0.00490897308407747
"ENSMUSG00000032850" 10.4625763790809 4.26454391652119 3.89848060715228 0.00295356211020228 0.0143460780301763
"ENSMUSG00000033029" 5.33645873780218 0.947479607390624 1.74989889457357 0.0112615660971019 0.0417701172514284
"ENSMUSG00000033152" 52.553493483185 2.49048290666488 1.04448069497112 0.000877592488323607 0.00533523892954571
"ENSMUSG00000033730" 330.648960736748 3.45931168968211 1.04327387602198 2.47486575303653e-05 0.000269034047783895
"ENSMUSG00000033965" 14.9188415463427 0.644613207763932 1.26929641432045 0.00312760472823642 0.0150634119369576
"ENSMUSG00000034028" 758.767557892965 0.782543425057571 1.46620269194997 0.0069533081454218 0.0285761392078749
"ENSMUSG00000034115" 15.9657112436914 5.72558266674773 3.135444859991 0.00058983831194375 0.00387580352020332
"ENSMUSG00000034177" 31.8092027665252 4.27449991445418 1.13941857016469 2.19731869261561e-05 0.000242553909987293
"ENSMUSG00000034205" 14.6482974122698 3.36995556025296 1.34936025361489 0.00134060073360674 0.00755343545735268
"ENSMUSG00000034684" 15.0230514508323 2.48843676716659 1.22878850421343 0.00340665855010595 0.0161814258654047
"ENSMUSG00000034731" 279.570306057429 3.06110972762056 1.07880157316148 0.000134589664919783 0.00113159414784594
"ENSMUSG00000034773" 189.436887582402 -4.88410887285891 1.69535101985692 0.00035983546099096 0.00259460306082956
"ENSMUSG00000034825" 19.436319450762 1.76804322669879 1.20869588538389 0.0116384686900639 0.0428794714935822
"ENSMUSG00000034872" 27.2240746280657 4.42016099630826 1.27820223347451 6.79494257346019e-05 0.000634434896428673
"ENSMUSG00000035042" 61.0062236529431 0.401228588693791 1.00395052967084 0.0109695565179618 0.0409858960549898
"ENSMUSG00000035121" 6.91507250312578 4.35481559566978 2.72228824644069 0.00168724370736328 0.00912114827964332
"ENSMUSG00000035179" 11.5698906469686 2.15046974391417 1.53711022078517 0.0107730223984036 0.0404661021620411
"ENSMUSG00000035211" 404.844003646688 0.681280289958716 1.30934214983746 0.00546539229031911 0.0235600811618454
"ENSMUSG00000035273" 19.192126967663 -2.35613023991354 1.20777667561534 0.00514276175104028 0.0224324313207614
"ENSMUSG00000035441" 8.65460339210779 2.37082885922837 1.44433998849494 0.0102050413286065 0.0386959690340831
"ENSMUSG00000035504" 8.26033972027127 -5.64312650848037 1.77818929788726 3.57368920895421e-05 0.000370559520775024
"ENSMUSG00000035509" 11.7144020909933 5.71190958957648 2.59620131242796 0.000136396672386576 0.00114198670618514
"ENSMUSG00000035849" 30.6532957059876 -2.21869092721513 1.16920964371318 0.00649905109871663 0.0270539063634818
"ENSMUSG00000036030" 19.4993661996628 -2.2664589365883 1.18918258654445 0.00608400666305698 0.0257223211317831
"ENSMUSG00000036053" 526.078255457496 2.78101632838727 1.12331357364718 0.000426699114559527 0.00295834859251981
"ENSMUSG00000036223" 183.302211854276 -3.44882419109816 2.05449300467263 0.00515028514885726 0.0224582523539226
"ENSMUSG00000036528" 34.3819549273074 7.66401349077146 2.82675422595653 3.72581069686663e-06 5.15021876701633e-05
"ENSMUSG00000036699" 199.229645352781 3.3906197076944 1.35695954515273 0.000262919950888675 0.00198780071874873
"ENSMUSG00000036743" 10.384514800838 -2.98010518780371 1.33674155526511 0.00220976196927051 0.01137700358027
"ENSMUSG00000036896" 11.9006426735511 5.61076870424991 2.70025875296299 0.000255127927187053 0.00193885592689796
"ENSMUSG00000036905" 11.8822269332158 1.89921248983857 1.34897637292879 0.0130279069003241 0.0467885306874324
"ENSMUSG00000037171" 9.81124281759091 2.23374846155962 1.79462370293581 0.0132060101143277 0.0472119967485987
"ENSMUSG00000037202" 64.7356457713189 5.02961597161956 1.00150737528746 6.26618758289885e-08 1.39572699368756e-06
"ENSMUSG00000037535" 7.94373061777926 2.11547796717425 1.4408845160646 0.014179735866778 0.0499952541525283
"ENSMUSG00000037705" 6.93767759792619 3.40459048527466 3.92363236137254 0.00498342894984741 0.0219025589661279
"ENSMUSG00000037849" 194.039345103043 2.0894029029296 1.09553199685492 0.00293015690597369 0.0142531610975889
"ENSMUSG00000037868" 861.767588005669 2.83732405468968 2.48266455254205 0.00243514849236257 0.0122782556451314
"ENSMUSG00000038167" 38.8080578028613 2.15143055726382 1.06030069075924 0.00256102366636167 0.0127744626869242
"ENSMUSG00000038305" 129.963821575824 5.4644954608988 1.07680544855758 1.91290872074869e-08 4.69472395489758e-07
"ENSMUSG00000038331" 19.3107291933969 -3.24875740434975 1.19079864732298 0.000656715735069387 0.0042263925781396
"ENSMUSG00000038528" 18.6697418940353 2.81107314381119 1.8013492160354 0.0044849416584327 0.020150000685528
"ENSMUSG00000039043" 10.875502958424 2.12404410286835 1.91555973590951 0.0129315386024119 0.0465379743114727
"ENSMUSG00000039157" 2002.51598478897 3.23806833656862 1.0113222669567 4.00297023921635e-05 0.000408782001720716
"ENSMUSG00000039232" 37.7901977433798 2.03183534424862 1.14560422007166 0.00468141233691533 0.0208500577962548
"ENSMUSG00000039264" 764.100076800377 0.633277730825067 1.2246896262793 0.0127459651299355 0.0460106108155514
"ENSMUSG00000039521" 123.020999038451 3.25005656540734 1.10536226111691 0.000101152216182634 0.000893476392521544
"ENSMUSG00000039814" 13.6389556659647 -4.11440615432093 1.16006327104065 4.56379197943323e-05 0.000453027132370339
"ENSMUSG00000039831" 157.070173978095 2.75110202236932 1.61032844919552 0.00184225693315376 0.00981849804874541
"ENSMUSG00000039865" 24.4842859043037 3.78075855358194 1.21391625188601 0.000174861029922804 0.00141087951614196
"ENSMUSG00000039934" 60.8069855827999 2.83960413645359 1.21174169613183 0.00065648311808936 0.00422625533570112
"ENSMUSG00000040016" 11.5380871717471 -3.10307865192031 1.58407822490125 0.00393926479950801 0.0181383919244381
"ENSMUSG00000040146" 12.5030496419364 -2.49490379104033 1.55303745969897 0.00848000669555317 0.0334220874727989
"ENSMUSG00000040270" 2804.57363227753 0.730132916958734 1.35781573152007 0.0113200804515588 0.0419537241415748
"ENSMUSG00000040276" 651.851200984627 4.90884969378391 2.78100207182001 0.00032543578703264 0.00238438337444207
"ENSMUSG00000040536" 3.94394762485059 -5.6723564585227 3.49214983847716 0.00364362350541672 0.0170687435317929
"ENSMUSG00000040552" 14.9712104660814 2.17775112950689 1.0530485646943 0.00361969109333573 0.0169835940063104
"ENSMUSG00000040584" 22.54248651614 0.722809364394139 1.35367633020809 0.012258458312339 0.044645608733322
"ENSMUSG00000040594" 16.1011330708481 -4.92582042029984 1.06922585786743 5.23339628664841e-07 9.2227658612812e-06
"ENSMUSG00000040606" 10.5245029984477 -3.20079343433706 1.13199020197832 0.000493709049949072 0.00334824196397903
"ENSMUSG00000040734" 50.5564751846427 -2.39403383701204 1.00458481309037 0.00213949313583769 0.0110923125202244
"ENSMUSG00000040883" 9.4048616320911 -4.05987640129384 1.35409624558035 0.000244727210237112 0.00187549182343399
"ENSMUSG00000040907" 73.586840549101 2.36771537825037 1.26375290597185 0.00233887393816484 0.0119038566186191
"ENSMUSG00000040964" 23.9256880560037 -5.88222014187146 1.12444414895566 2.85682813627272e-08 6.79456318450974e-07
"ENSMUSG00000041115" 18.801614964042 -2.6763355640387 1.06540472737182 0.00133905468293567 0.0075489773867191
"ENSMUSG00000041540" 14.246447312549 -2.22570048953763 1.22089886201034 0.00719524339341974 0.0293379146581765
"ENSMUSG00000041605" 22.5116290160324 -7.59204917087422 1.50871067812846 7.85003665418653e-10 2.63893164969813e-08
"ENSMUSG00000041872" 10.836663579875 -2.78079213606459 1.32239009222761 0.00302961149657872 0.0146585121322128
"ENSMUSG00000042182" 4.87633979379264 3.05954678873897 3.21323202448721 0.00636627203621864 0.0266119484364567
"ENSMUSG00000042279" 12.1903083115228 5.00539146652889 3.28064580575427 0.0014256128343753 0.00792306416037087
"ENSMUSG00000042371" 30.6726101739126 4.2577737008099 1.07978441095913 1.27117540503074e-05 0.000149829407492192
"ENSMUSG00000042453" 10.6053763732969 2.64732162168487 1.42408003312468 0.0054936306284815 0.0236665086863853
"ENSMUSG00000042477" 7.8576180527321 -2.74725526737196 1.18562825034007 0.00200087182718122 0.0104921039480505
"ENSMUSG00000042540" 12.1652519960984 -3.78762521414065 1.17754764673812 0.000130133091905204 0.00110267683227886
"ENSMUSG00000042655" 10.9344936104324 0.489457300635325 1.07783013438737 0.00913559776183119 0.0353854040341106
"ENSMUSG00000042784" 15.5291203639059 2.41463026349721 1.3593007899968 0.00492067072322753 0.0216791312348011
"ENSMUSG00000043004" 282.87978206053 2.3196791904957 1.06887324528758 0.00135254240225827 0.00761000088044162
"ENSMUSG00000043036" 10.7802187466514 2.27994778644379 1.23566018801102 0.00643371328108766 0.0268265860013165
"ENSMUSG00000043230" 14.676693892247 2.12166358993169 2.93979557629671 0.0109479111123376 0.0409385152493882
"ENSMUSG00000043282" 5.00553316192042 1.6212238289457 4.40918904849125 0.00933170482168806 0.035998603634215
"ENSMUSG00000043794" 17.6063918784333 3.31388304703723 1.12423565090159 0.000395323916966826 0.00278394532279359
"ENSMUSG00000043924" 11.0861996867598 0.965252716355894 1.98622001572337 0.00319641571431538 0.0153541563683324
"ENSMUSG00000044092" 16.1797334604475 -4.70814953383816 1.01008295054679 4.14132829762554e-07 7.52360114524125e-06
"ENSMUSG00000044362" 3.099362862188 -4.53592998637848 4.15659605690648 0.0109372481685777 0.0409076365742646
"ENSMUSG00000045004" 19.3362315104954 1.75461490624785 1.00672802448814 0.00858304211851885 0.0337417469446961
"ENSMUSG00000045201" 6.86728856658721 4.2554979997404 2.78769356619739 0.00201985025920844 0.0105623646757352
"ENSMUSG00000045231" 42.2278460268908 3.97646365018979 1.55002026246927 0.000342688955151907 0.0024907211049958
"ENSMUSG00000045591" 109.298411806533 4.68663561538449 1.38409524538265 1.57779406172873e-05 0.000181373774843092
"ENSMUSG00000045733" 13.2075348028744 -5.57531453560238 1.57473442657316 3.91896452072442e-05 0.000401985273556563
"ENSMUSG00000045777" 99.3665594569538 2.55895422575107 1.34283017127285 0.00179271835334715 0.00960566635511644
"ENSMUSG00000046057" 4.50421677253456 -4.03570440016028 2.36379294621946 0.00395089622450622 0.0181835771473938
"ENSMUSG00000046179" 1506.95088545284 -4.31255800970643 1.48729506801269 0.000363653983968891 0.00261553649311246
"ENSMUSG00000046182" 6.37302570832715 4.00847021292754 2.86162780195038 0.00275137276914342 0.0135415743426198
"ENSMUSG00000046480" 254.871430868737 2.11847050593913 1.02973265457672 0.00213490402492555 0.0110742609716185
"ENSMUSG00000046550" 30.9815409325432 2.97901262038185 1.35323403065559 0.00116546191279127 0.00674134447069142
"ENSMUSG00000046805" 23.459653657691 1.73457671241282 1.15815204623916 0.0110271568215734 0.0411655824458959
"ENSMUSG00000046952" 22.5688095243858 2.40351839190608 1.59132487010138 0.00508852265959593 0.022230935559436
"ENSMUSG00000047181" 11.6559528727675 1.76069910366076 1.04061729420034 0.0111517536143406 0.0414681866135045
"ENSMUSG00000047220" 5.50763045707237 -4.07385057755086 2.45138437342517 0.00320587446102387 0.0153885051522437
"ENSMUSG00000047363" 28.9869583452668 7.26878872451818 2.8728065919241 1.67540220474397e-05 0.000191056983462309
"ENSMUSG00000047766" 10.6295269504087 -2.35986975499149 1.41465989297262 0.00880394547643078 0.0344005699198219
"ENSMUSG00000047898" 4941.81207910808 3.20805636491893 2.47352825831501 0.00162485186362709 0.0088196165471558
"ENSMUSG00000048027" 47.6008029829584 1.67445281641371 1.06331131918752 0.00965152151616989 0.0369473173907043
"ENSMUSG00000048215" 41.73972829973 6.04496185604161 1.42424929563317 1.32243241973446e-05 0.000155048612306733
"ENSMUSG00000048240" 17.4786845875288 -1.97313410059469 1.23759095585884 0.0128240897296397 0.0462341506706715
"ENSMUSG00000048368" 11.334595680122 -2.36205342163235 1.16940132082695 0.00442462707253873 0.0198968953922931
"ENSMUSG00000048442" 72.5498919082244 -1.8304033148304 1.10090702251189 0.013154021415825 0.0470842405796942
"ENSMUSG00000048483" 4.93214383446073 3.14807268777284 3.12843749612248 0.0059687315210441 0.02533133203563
"ENSMUSG00000048534" 18.5332198260522 2.29981004029359 1.01127565781854 0.00198229891558011 0.010423223688074
"ENSMUSG00000048537" 10.7201490721072 -2.13453430424855 1.19821290774687 0.0083828905453923 0.0331372681203432
"ENSMUSG00000048603" 16.2517312910654 1.94447880397997 1.30183224098425 0.00899044355066293 0.0349653610539296
"ENSMUSG00000048824" 12.5058499924641 4.86204190587113 3.52343754443424 0.00181758112867868 0.00971027183115143
"ENSMUSG00000049281" 11.1369403699668 2.80919523972665 2.66773829433027 0.0112175399611447 0.0416354118208975
"ENSMUSG00000049625" 22.9727792965443 -2.41441520738832 1.14467998600863 0.00384452806077346 0.0178005208962015
"ENSMUSG00000049881" 5.49632254014613 -2.38564746455526 1.92976384392669 0.0135300298074631 0.0481115833260226
"ENSMUSG00000049904" 11.4633194141897 -2.05281871654705 1.11105673732692 0.00800910870453304 0.0319565514279014
"ENSMUSG00000049985" 55.4971761156706 4.15196494566892 1.09459935538947 8.22923572000437e-06 0.000102491390330964
"ENSMUSG00000050066" 225.422894181685 8.60040590111242 1.60734261648821 4.33565015802188e-08 1.00024999378032e-06
"ENSMUSG00000050199" 5.63114842815674 1.06429023645296 2.07770620297456 0.00952436148881403 0.0365795465628376
"ENSMUSG00000050530" 9.03927857955654 -2.91824784043341 1.31267849009766 0.00245429546692037 0.0123607507145929
"ENSMUSG00000051354" 41.2434513878541 2.1456697539536 1.20797824268469 0.00383926863173496 0.0177885223933201
"ENSMUSG00000051506" 83.4648521013195 -2.87717890398108 1.03956309137961 0.000652468574995341 0.00420582547117525
"ENSMUSG00000051965" 26.7110771868639 5.30995334759777 1.49763997056074 0.000136723176897006 0.00114424141602255
"ENSMUSG00000052302" 20.2555200459132 1.6333648419568 5.53131625169362 0.0081386470656913 0.0323829756530649
"ENSMUSG00000052629" 21.4049616649631 6.65856802986429 2.85907940987979 6.28998962598736e-05 0.000593266059039157
"ENSMUSG00000052698" 14.3278321739546 -6.04308134990407 1.29509020834693 5.53999889294592e-07 9.69840681700836e-06
"ENSMUSG00000052759" 6.98328927378741 -7.47460709632083 3.089071770338 4.23767687691544e-05 0.000427658995419085
"ENSMUSG00000052942" 83.3076646294323 1.80055481877555 1.04831718082879 0.0063133001270682 0.0264624118067096
"ENSMUSG00000053137" 613.550445105382 3.49733017689667 2.63069910819687 0.00125392294763601 0.00714964846026664
"ENSMUSG00000053957" 24.1195675404782 3.06699076928721 1.3474713127531 0.00106949187831921 0.00628251881061403
"ENSMUSG00000053977" 13775.1154354558 3.72334564267205 1.8320326163425 0.000536339526546247 0.00358312064461524
"ENSMUSG00000054006" 97.7867417261119 0.57140814404819 1.17474079020548 0.00221644537342253 0.0114026081170775
"ENSMUSG00000054520" 851.805627483405 2.45966305748285 1.02572088617337 0.000690814111569282 0.00439717640482223
"ENSMUSG00000054555" 789.334400381083 8.44468169105862 1.0072570447278 3.94582262246189e-18 4.96379522606809e-16
"ENSMUSG00000054556" 106.429993251487 2.24085956217787 1.11128989777633 0.00210339506583371 0.0109335000277562
"ENSMUSG00000054594" 4.77400756906392 -2.68861954982692 1.53749122481292 0.00666030557327989 0.02759308866544
"ENSMUSG00000054598" 63.7278560506707 4.15590341509591 1.33545509221187 5.88866458414396e-05 0.000560347616612975
"ENSMUSG00000054672" 634.500909845472 -0.787541130963206 1.56302919165439 0.00238697121832149 0.0120963258953297
"ENSMUSG00000054679" 100.12290689807 3.29588151628031 1.31936221728245 0.000304853796818663 0.00225422759481216
"ENSMUSG00000054822" 32.1652720853009 1.64488633297772 1.01998711046949 0.010125888966942 0.0384760697410284
"ENSMUSG00000055108" 94.9104256573711 2.69731488995347 1.15043117211193 0.0006814488991805 0.00435196069010484
"ENSMUSG00000055413" 17.6742205484236 0.951033398830033 1.78686126138502 0.0129680590693521 0.0466439700602734
"ENSMUSG00000055945" 17.2512124681148 3.54215366906055 1.52151882184615 0.0015645494364844 0.00855030541763964
"ENSMUSG00000056411" 28.7688014786695 -3.7935375144726 1.41468682420486 0.000622495144219327 0.00405895212650273
"ENSMUSG00000056427" 45.9914991416903 8.05321269633705 2.98782543550229 5.04745782624536e-06 6.67719916934918e-05
"ENSMUSG00000056458" 25.0752288000409 2.35123601858965 1.35677996620978 0.00411184090541168 0.0187674126759171
"ENSMUSG00000056752" 9.29463656772396 2.36305704564982 1.55945625896924 0.0107858079450751 0.0404761220482911
"ENSMUSG00000058152" 5.43129456873496 -4.77948121228167 1.95388192687291 0.000573338609228179 0.00378479170355843
"ENSMUSG00000058174" 6.76823047902595 0.643064693248743 1.23686802985307 0.0124480005754807 0.0451714273423013
"ENSMUSG00000058809" 22.1039611782126 -2.36017766349101 1.00651334749337 0.00233285375654104 0.0118786470899101
"ENSMUSG00000058975" 25.124469656154 3.31383762127223 1.30363974270851 0.000633031437651544 0.00410833705902213
"ENSMUSG00000059246" 12.7438493384673 4.86295545553108 3.56943516945008 0.0018451311474189 0.00982857875117783
"ENSMUSG00000059495" 87.3325544146917 2.58639818198964 1.49237930560387 0.00225180910440594 0.0115400168348264
"ENSMUSG00000059901" 54.8232739812574 3.63357927563552 1.13098656052719 5.48103626241069e-05 0.000527075419811243
"ENSMUSG00000060206" 7.86094840010412 -4.1627459956223 1.49939226992677 0.000540539694221252 0.00360289837825709
"ENSMUSG00000060224" 15.8881729268983 6.11333441784574 2.7934023071899 0.000140673006369103 0.00117141610049742
"ENSMUSG00000061489" 13.6187345246991 -6.54535512031593 1.83168331405086 9.64227574452302e-06 0.000117600487464603
"ENSMUSG00000061723" 55.5186512889759 5.73405714614063 1.09785858137403 9.84024610912848e-08 2.07402110300093e-06
"ENSMUSG00000061863" 9.87546025125453 2.08756302845373 1.22100502141522 0.00898981095318802 0.0349653610539296
"ENSMUSG00000062082" 8.11220691037983 0.715537492221474 1.35293380760519 0.00790505651625727 0.0316413835659424
"ENSMUSG00000062661" 74.5219304028793 -3.4699446338198 1.20747980882683 0.000426862172206926 0.00295845362733296
"ENSMUSG00000062727" 52.9683950200935 -3.0549529299181 1.07621680373103 0.000500248233073903 0.00338725970140292
"ENSMUSG00000062785" 3.8410375921186 -3.47523384458684 2.53393790780728 0.00639819976519153 0.0267140892973067
"ENSMUSG00000063239" 10.8333311080892 -4.82948247974628 1.36717736997453 4.76062037125111e-05 0.000468381351036717
"ENSMUSG00000063522" 39.6735777478718 -2.08658750964983 1.12511461132636 0.00774831422801172 0.0310833897289792
"ENSMUSG00000064140" 6.50778056156543 -4.77057942085827 2.12654548122757 0.000870522777546401 0.00531157003844219
"ENSMUSG00000064587" 11.5489805487079 2.44569609650484 1.20139100179934 0.00425665469307621 0.0192628070522422
"ENSMUSG00000064624" 4.43022190164802 1.09220599689906 2.02529167010116 0.0133616532833405 0.0476144288211967
"ENSMUSG00000064646" 5.04093443158092 -4.46320979460262 2.01921385335306 0.000958259516914753 0.00573522048394042
"ENSMUSG00000065634" 10.6686622539742 3.59484354157222 1.61946066946792 0.00407270242973131 0.0186241870140571
"ENSMUSG00000066677" 71.8158674186354 2.69426885464799 1.65073070465467 0.0023675970199898 0.0120316757098161
"ENSMUSG00000066721" 11.8514893698724 5.22167138158057 3.01812723313923 0.000895607709890565 0.00543340776864758
"ENSMUSG00000066894" 5.46582558202076 2.44666749746925 5.47255209630767 0.00760528523958584 0.0306165032985303
"ENSMUSG00000067702" 132.87666375026 3.21040463184471 1.01664370639968 5.43968609526258e-05 0.000523854604128272
"ENSMUSG00000068551" 183.520726907429 3.86753350659114 1.11014053730349 1.26427819629646e-05 0.000149280357038499
"ENSMUSG00000069267" 25.6871970359718 -3.48831890229861 1.34886536590188 0.00091888553944499 0.00554603155098935
"ENSMUSG00000069805" 5.25534696660939 1.0682316206832 2.04670054684108 0.0107118768018658 0.0402515423240503
"ENSMUSG00000069917" 5.58566948667885 -4.09018615909074 1.65320313467592 0.00120915626589431 0.00693989774187028
"ENSMUSG00000069919" 9.1538386667004 -3.97892559714984 1.44774370080435 0.000553411430164685 0.00367263949109291
"ENSMUSG00000070287" 16.5038212904065 2.21093196422831 1.28940851645981 0.00590472069260485 0.0251129541342722
"ENSMUSG00000070407" 407.913681094726 0.419393163282256 1.02003604337795 0.00534178183521458 0.0231369251338159
"ENSMUSG00000070643" 395.881118281767 -3.85156497141713 1.64342095604643 0.00152054706727013 0.0083554896811915
"ENSMUSG00000070720" 6.64220732507145 3.55195233932342 3.50684289844979 0.00457582566822088 0.0204938793138724
"ENSMUSG00000070780" 13.8170740730906 4.0566912222606 1.62224288997079 0.00203656489037287 0.0106358670854408
"ENSMUSG00000071185" 17.3321861360976 6.01462971655237 3.02591443124299 0.000332266797414969 0.00242588230192074
"ENSMUSG00000071280" 5.17182838841678 3.3332145511609 3.03786820310346 0.00516608049476471 0.022502600622013
"ENSMUSG00000071341" 6.80659405416337 -7.41020839448002 3.09606909942409 5.37434321372315e-05 0.000519563136592027
"ENSMUSG00000071552" 110.858598747799 2.33908104663793 1.41102310362035 0.00305872043725777 0.0147779048758527
"ENSMUSG00000071573" 9.13451396260788 4.98858767419927 2.7287339903955 0.000750726004686787 0.00470132171125395
"ENSMUSG00000071721" 6.34277277960787 3.27447007109307 3.82756478294206 0.00542833754911256 0.0234407615840564
"ENSMUSG00000071984" 3.13762513375192 -2.39849346188484 3.50071018032034 0.0140443583217867 0.0496053779184844
"ENSMUSG00000072244" 16.7010975375496 -2.19896134908033 1.41323840893367 0.0110176596563776 0.0411378063182498
"ENSMUSG00000072618" 15.3074692318966 -5.54200887553171 1.29203494207972 3.13102616574163e-06 4.42592122736142e-05
"ENSMUSG00000072723" 7.66911397991819 2.82399901552657 1.78776402108787 0.0119146028212445 0.0436715934818641
"ENSMUSG00000073430" 11.4432152659852 0.902441087136499 1.79133910498774 0.00322708360976383 0.0154791669934044
"ENSMUSG00000073590" 7.16403797040689 3.50550139927596 3.85940381784602 0.00470188769952784 0.020913310599501
"ENSMUSG00000073598" 17.1061833162913 -3.19126770826399 1.14076115090917 0.000549306251597629 0.00364985153976346
"ENSMUSG00000073682" 18.0448395235049 1.68399186388982 1.12459559330878 0.0129040657414841 0.0464639285258623
"ENSMUSG00000073940" 25.7229053768871 -4.159451957848 1.12235055713913 2.2093468558908e-05 0.000243612766325952
"ENSMUSG00000074037" 11.0240231313165 -2.37220939459701 1.26483664288901 0.00611018096235434 0.0258166116622331
"ENSMUSG00000074264" 8.0208530861354 3.66846160990111 3.9720037911986 0.00423634781849963 0.0191926226649218
"ENSMUSG00000074354" 12.0470602988937 5.32903067741292 2.95088182797849 0.000713033022827906 0.00451474723729148
"ENSMUSG00000074627" 15.7642561523937 -2.54443619614957 1.13583009891386 0.00254481967109728 0.0127094839104339
"ENSMUSG00000075269" 7.53035311751002 -4.3153464249112 1.73184570347508 0.000828790588680207 0.00510704539580453
"ENSMUSG00000075270" 34.3528373007414 7.83366651797962 2.69277160241494 3.54475580170921e-07 6.53476548809103e-06
"ENSMUSG00000075297" 51.4839038505265 5.58893562303619 1.20112343733357 1.03812177447192e-06 1.6936795867037e-05
"ENSMUSG00000075307" 5.05740331558702 -6.18360306710052 3.50013681508456 0.00238955910969148 0.0121058462782754
"ENSMUSG00000076612" 17.9522892067824 0.747815068611858 1.45338696361299 0.0017013324198365 0.00918489907194863
"ENSMUSG00000076744" 15.8591773239308 -2.93803303343942 1.19708943936726 0.00143030767012566 0.00794033139546305
"ENSMUSG00000076754" 330.360134033478 -4.68068259309867 1.59225761907235 0.000314257625337367 0.0023143523645059
"ENSMUSG00000076758" 49.3962815173892 5.53487154477524 1.09370684057639 1.90139257679782e-07 3.74327306310138e-06
"ENSMUSG00000076759" 20.6781830442394 2.29020317099794 1.05381902702414 0.00241165941555853 0.0121813160681822
"ENSMUSG00000076760" 12.7467058006813 3.21867551421914 1.25221839043596 0.00142648565082535 0.00792571277439128
"ENSMUSG00000076761" 35.4852837407821 7.88464106412562 2.70266650130766 3.29930634167245e-07 6.16754443421797e-06
"ENSMUSG00000076762" 12.2885944466852 5.79327789887736 2.60763807319084 0.000119972023221203 0.00102990575470837
"ENSMUSG00000076764" 7.91941290814344 4.55244670189432 2.8095789739145 0.00148215105841466 0.00816823681061054
"ENSMUSG00000076770" 12.126459450156 5.82464079630479 2.5590039969595 8.60631509056627e-05 0.000777522648787292
"ENSMUSG00000076795" 32.1768756385801 3.41938836852254 1.05535980168103 6.83779541320398e-05 0.000636461327298051
"ENSMUSG00000076796" 15.9251400076993 3.97076126028182 1.88537028473423 0.00278591620772203 0.0136812904460732
"ENSMUSG00000076802" 13.1882671285458 3.98450605557444 1.55774644214103 0.00189621110663934 0.0100498183770535
"ENSMUSG00000076822" 35.794702795602 7.90870305457571 2.6991782316746 2.79308729633963e-07 5.29548171577111e-06
"ENSMUSG00000076824" 77.5979088707883 9.22539171069607 2.85267903365022 6.88470505144604e-09 1.86343532393807e-07
"ENSMUSG00000076826" 12.7757263412606 5.84114275111557 2.63043534338281 0.00012029800759338 0.00103226115310287
"ENSMUSG00000076831" 8.02293313044241 4.86763213417271 2.57548213730944 0.000637380811439163 0.00412871636076676
"ENSMUSG00000076858" 23.5203751680321 5.06836032147763 1.46536367698171 0.000184269809587129 0.00147548628156995
"ENSMUSG00000076862" 43.3290514244133 8.25652315281364 2.7182066925317 7.36683250686165e-08 1.61924597584886e-06
"ENSMUSG00000076876" 11.3200747089918 3.85101566386838 1.4784834585983 0.00224576258711507 0.0115208369498527
"ENSMUSG00000076878" 33.9222701535042 4.9273683594382 1.15044900392397 5.42972768445677e-06 7.1216664357052e-05
"ENSMUSG00000076879" 32.4803136902206 5.70610097245239 1.3922523553011 2.94021883552859e-05 0.000312156354290037
"ENSMUSG00000076881" 28.6357189409049 4.11138369652846 1.039642400226 1.11638718616475e-05 0.00013347266286711
"ENSMUSG00000076884" 27.6270643853969 2.52012638218056 1.11606701038666 0.0014730063103502 0.00813447604075778
"ENSMUSG00000076886" 16.2394907847784 4.48285482941759 1.42623322887578 0.000563816372189865 0.00373302054834216
"ENSMUSG00000076889" 15.5923486207264 6.33029494432237 2.59171962762743 2.77044368957899e-05 0.000295386005751381
"ENSMUSG00000076892" 50.0025552866344 8.48532844069821 2.76112565757364 5.13131190898842e-08 1.1650000091213e-06
"ENSMUSG00000076894" 22.6086362881013 5.03717951464143 1.42472418787868 0.000167396799394285 0.00136163919539833
"ENSMUSG00000076895" 25.4144116434076 5.26771250041582 1.39257944175288 8.35912918357275e-05 0.000759651530803372
"ENSMUSG00000076896" 20.2545760356014 4.89201034866338 1.39856745236613 0.000210602057050263 0.00165000483553442
"ENSMUSG00000076900" 11.9324180636526 3.83704812518954 1.58125531537227 0.00270405680591204 0.0133441375148147
"ENSMUSG00000076901" 35.1760763938969 4.99781565463997 1.1711232741944 6.14545170657927e-06 7.9304080667741e-05
"ENSMUSG00000076903" 22.7973554047998 7.02819643205971 2.62454865381748 4.70861691404507e-06 6.29978297757388e-05
"ENSMUSG00000076904" 21.9521518506163 6.99912313947652 2.6249645274822 4.27980358946404e-06 5.81427092920637e-05
"ENSMUSG00000076905" 49.514422913791 5.54426549078858 1.08619453315263 1.63338640329175e-07 3.26383564821594e-06
"ENSMUSG00000076908" 65.2160544917492 8.97093290079661 2.78438288443542 5.48856781129721e-09 1.52687529014696e-07
"ENSMUSG00000076909" 38.3635411026871 8.03212151679629 2.70002098779021 1.58264406673904e-07 3.16560466229144e-06
"ENSMUSG00000076910" 32.4390544896533 7.72175684573943 2.68530281075086 5.19730264077572e-07 9.1672352222924e-06
"ENSMUSG00000076911" 65.1085335875861 5.97384949657269 1.07696325997517 1.80961214789239e-08 4.44666611574245e-07
"ENSMUSG00000076912" 46.2391159741245 6.28733037249431 1.35097127159188 3.97071637396761e-06 5.43615803642027e-05
"ENSMUSG00000076914" 43.2848815063387 5.37346889939703 1.06427470667211 2.84749138754057e-07 5.38831967314483e-06
"ENSMUSG00000076915" 18.8232658346381 6.68934844353223 2.61321145391484 1.10423502104084e-05 0.00013225693946622
"ENSMUSG00000076916" 42.7222866398914 8.24017254566735 2.70837970350909 6.28890832816273e-08 1.3992296371514e-06
"ENSMUSG00000076917" 74.5521560620875 9.21420115228158 2.80027007078084 1.67654827166613e-09 5.24793717212301e-08
"ENSMUSG00000076919" 50.1282591725258 6.38743261815881 1.36072481575392 2.96077222314272e-06 4.20606292665488e-05
"ENSMUSG00000076920" 127.078642833995 7.87271633390654 1.33518588283612 1.20556440777305e-08 3.09546845754512e-07
"ENSMUSG00000076921" 59.2204546771364 5.90279715132395 1.02525353407228 1.16124226947297e-08 3.00092608191192e-07
"ENSMUSG00000076922" 37.2767877743509 7.988685963634 2.69276759875163 1.70500957992289e-07 3.3900200415127e-06
"ENSMUSG00000076923" 88.6830639516768 9.51174125517679 2.82747644241646 5.0408471120085e-10 1.76976617090033e-08
"ENSMUSG00000076924" 41.1334146840414 6.11268163896281 1.32643978208054 5.48779064043662e-06 7.19310539908344e-05
"ENSMUSG00000076925" 128.55420184656 7.07261671208824 1.03789482130032 2.25805290297931e-11 1.01268103509848e-09
"ENSMUSG00000076926" 32.3317528776198 5.67366823734528 1.40978301864014 3.54629782466666e-05 0.000368292051344665
"ENSMUSG00000077360" 4.13302338250187 1.17329138157514 2.18437986977174 0.0140597304948402 0.0496353345562699
"ENSMUSG00000078300" 6.50530506906151 -2.19626161993139 1.32082714998153 0.00949446872907513 0.0364857566799156
"ENSMUSG00000078451" 4.88032170183499 3.10827242093677 3.12428610594558 0.00612553825137247 0.0258584327998643
"ENSMUSG00000078763" 93.3736339406513 3.18597057155635 1.52249887523845 0.000768673959049395 0.00479420534109947
"ENSMUSG00000078926" 8.48624551919927 -3.08245882852782 1.23237690631887 0.00115308168036487 0.00668132670065413
"ENSMUSG00000079017" 249.362205041644 1.95201959799903 1.41251251851512 0.00669627795525383 0.0277019548419829
"ENSMUSG00000079056" 26.8832175835335 7.28267544598447 2.72907561927083 4.84513660440828e-06 6.45307283932838e-05
"ENSMUSG00000079110" 118.64060940386 1.59966006500636 1.14255715856171 0.0124612562997066 0.0452031281296211
"ENSMUSG00000079138" 23.7674094747432 3.65348477227192 1.25177579968972 0.00027396391377762 0.00206318757657378
"ENSMUSG00000079502" 13.0936102571497 -2.07794877280975 1.16506298852762 0.00860433972996619 0.0337922645353984
"ENSMUSG00000080180" 14.5986721473315 3.66669008330775 2.15927891806409 0.00507795308806687 0.0222057756159846
"ENSMUSG00000080645" 6.81649309329416 4.15897998554595 2.85965711905828 0.00236861193936947 0.0120337759744141
"ENSMUSG00000080939" 32.8500492151427 4.77207175278457 1.34490550508027 5.33197783957921e-05 0.000516215976511439
"ENSMUSG00000081046" 12.9450513752739 3.7702534109234 1.80489456941349 0.00378735090379941 0.017600979426999
"ENSMUSG00000081463" 31.0467420079249 2.3355541862822 1.1382120523967 0.00236433118472923 0.012018132746367
"ENSMUSG00000081562" 20.0718516754745 2.44251241404366 1.83992109383755 0.00632384523235709 0.0264857916412581
"ENSMUSG00000081569" 30.7966687080788 7.5217276001697 2.76828841455307 3.27811271565957e-06 4.59809330565377e-05
"ENSMUSG00000081692" 16.0286785229623 2.06247811857326 1.05992597524403 0.00488719748487639 0.0215839532109732
"ENSMUSG00000081793" 5.86913775182999 -2.29596414611753 1.44882413514132 0.0096668925015943 0.0369919999649683
"ENSMUSG00000081978" 15.493169185621 5.96539361031148 2.86998316109119 0.00023836703297422 0.00183166246390717
"ENSMUSG00000082180" 35.3696111587973 1.68406379696158 1.02972844226424 0.00933126420958596 0.035998603634215
"ENSMUSG00000082630" 21.7124216507487 3.15516242151631 1.07925694182801 0.000275080788203147 0.00206926134849166
"ENSMUSG00000082663" 5.31540571779399 3.04084480597016 3.50782813946315 0.00636007818892789 0.0265982157168195
"ENSMUSG00000082983" 8.26105622575756 -3.62717495569908 1.59748561804509 0.00184586755464927 0.00982988360705398
"ENSMUSG00000083207" 39.7099881504629 -4.35532309412487 1.03920399987731 3.08579906079069e-06 4.36816368109947e-05
"ENSMUSG00000083505" 11.2354333975171 3.33704555977672 1.89664622876115 0.00615343451137144 0.0259498257715395
"ENSMUSG00000083582" 11.6599653573859 2.4471102063356 3.67054188646524 0.012548356443336 0.0454613703277678
"ENSMUSG00000083668" 9.02510672861795 -3.89343524336844 1.1693636146806 9.45579452673744e-05 0.000844067955987131
"ENSMUSG00000083827" 23.0997602172703 2.04352495175929 1.07050663934246 0.00448763738812502 0.0201575843335452
"ENSMUSG00000083912" 7.05771102961379 -2.55735948013995 1.3781390066603 0.00564309262038063 0.0241905569208858
"ENSMUSG00000083953" 7.37680199426708 2.79019363706991 1.74816346645709 0.0123213542855009 0.0447768401923309
"ENSMUSG00000084325" 21.7006667517838 3.09924771268704 1.21765690287408 0.000726429433194571 0.00458216383562214
"ENSMUSG00000084328" 8.94222359138551 -2.43396179623213 1.15998767269233 0.00374941713502954 0.0174694801130773
"ENSMUSG00000084400" 6.84825930284122 0.607219619881671 1.19278016917892 0.0132377642243853 0.047282457145742
"ENSMUSG00000084938" 6.31203131061937 -6.89218300245891 3.33280460210744 0.000649646316568736 0.00418990257415058
"ENSMUSG00000084970" 7.44934742105303 1.15142341312363 2.5886177595943 0.0058464016352389 0.0249019858407258
"ENSMUSG00000085024" 12.5287764365035 -2.26973861405198 1.25245294378137 0.00709616635597678 0.0290557869912482
"ENSMUSG00000085120" 18.3069866152107 4.63168270777721 1.53324700287325 0.000622580998105708 0.00405895212650273
"ENSMUSG00000085133" 12.0109308208854 1.05580287549353 2.3919718607381 0.00255938477916011 0.0127711735170012
"ENSMUSG00000085181" 77.8288502863875 1.97309942855583 1.68139633474106 0.00764536402608811 0.0307382052763446
"ENSMUSG00000085223" 8.68856954655406 0.73249431061066 1.38560438955104 0.00681451930491479 0.0280981272184922
"ENSMUSG00000085236" 6.71627991772046 4.40794707008554 2.61748217699975 0.00136652881607061 0.00767114456435268
"ENSMUSG00000085286" 18.4429544273889 3.15557038606737 1.3764693450777 0.00147001920515397 0.00812246523245572
"ENSMUSG00000085340" 11.3509000910828 -3.5107270845209 1.3456629388905 0.000825891803181227 0.0050938907947058
"ENSMUSG00000085457" 9.00112655773565 5.12736970688598 2.56623060955771 0.000398380675395286 0.0028006173441838
"ENSMUSG00000085465" 9.62094627929702 5.22745897159197 2.63427290468742 0.000408228051192776 0.00285502709089437
"ENSMUSG00000085500" 7.04206648847493 3.71384120121067 3.47136288749113 0.00410939025251521 0.0187624346544612
"ENSMUSG00000085563" 9.18628615098166 3.34398840389294 1.60542528021327 0.00575184574826812 0.024556759585242
"ENSMUSG00000085609" 7.0485947314775 3.46562304890882 3.88252078741856 0.00481925599016505 0.0213539465134962
"ENSMUSG00000085625" 5.17714571546889 0.940239918635284 1.72333545418654 0.0119512363440337 0.0437838218496893
"ENSMUSG00000085673" 79.91678929711 2.88799279006354 1.17737133346251 0.000475303238924276 0.00324690766559671
"ENSMUSG00000085681" 8.50726977646352 4.94930593575271 2.63024405169206 0.000639564669036872 0.00413999110358431
"ENSMUSG00000085732" 40.0689931813209 2.78825020365481 1.12066276307321 0.000634193528301383 0.00411454393547981
"ENSMUSG00000085799" 17.0172628870754 6.10042491558602 2.922806890141 0.000224128613498741 0.00173962767838642
"ENSMUSG00000085844" 7.48910262336074 0.621374285633982 1.21368317412649 0.0111860291771861 0.0415647326030236
"ENSMUSG00000085852" 19.433517711998 4.81439837693395 1.45167734094835 0.000331951780480628 0.00242501808370106
"ENSMUSG00000085903" 601.547632954729 0.793217716721852 1.4756357341906 0.00864168800189288 0.0339189645631596
"ENSMUSG00000086006" 9.33910209268816 0.666383155700308 1.28497248992776 0.00691472131909806 0.0284467823580007
"ENSMUSG00000086070" 8.5571134264672 0.540743087345786 1.12487515416135 0.0112080263407288 0.0416078216160461
"ENSMUSG00000086103" 11.3927425002428 -6.44118815462861 1.62273464581605 9.36071536592009e-07 1.54482696987734e-05
"ENSMUSG00000086150" 28.9484012183032 4.99428262289339 2.01228062534489 0.00092245420962134 0.00555750876531507
"ENSMUSG00000086184" 4.21867628397382 1.41823599180028 2.95845931792686 0.0121073287166391 0.0442078840799953
"ENSMUSG00000086269" 16.6803590078598 4.39696960156067 1.63023808157821 0.00119617008672216 0.00688727166458743
"ENSMUSG00000086279" 8.38659944665725 4.71389296683568 2.77192109872637 0.00115878453327176 0.00670659960489055
"ENSMUSG00000086296" 18.9968316016509 2.48299711991867 1.13062755227781 0.00192717348549995 0.0101855552928112
"ENSMUSG00000086313" 5.03092427371381 1.40923638940657 3.307668187324 0.0097412224276581 0.0372195643242151
"ENSMUSG00000086335" 13.6409110556879 2.41709611445582 1.59626944601102 0.0072699600274098 0.0295796868324351
"ENSMUSG00000086481" 38.3440144197812 3.97549442519213 2.79293163982657 0.00219318532507739 0.0113062095031438
"ENSMUSG00000086564" 31.9076834853024 3.46625585116311 1.59684563721471 0.00101739722817974 0.00602426860806727
"ENSMUSG00000086729" 5.72740441225723 3.36435342248509 3.32537874400031 0.0051820143340092 0.0225572689246685
"ENSMUSG00000086752" 36.16160153159 4.77966775095169 1.53314411011654 0.000140662334335513 0.00117141610049742
"ENSMUSG00000086806" 9.89303155609207 2.74286307433666 1.2741591856412 0.00409848883063445 0.018733540582804
"ENSMUSG00000086849" 19.907970768415 1.80454283612079 1.03631294505746 0.008063587698671 0.0321290599898043
"ENSMUSG00000086858" 4.50638377016532 2.49967976321905 3.72020524248464 0.00865889149268701 0.033945204486118
"ENSMUSG00000086860" 5.86949957217555 2.87270945241833 4.39748114899109 0.00657794739658382 0.0273141174644944
"ENSMUSG00000086862" 35.1036492327969 1.96562531559947 1.14136520848985 0.00545919102977669 0.023553653791543
"ENSMUSG00000086929" 7.59723668537024 -1.92905395238609 1.1976368134055 0.0123247820331048 0.044781160804026
"ENSMUSG00000086952" 14.0708340180624 3.91581313600089 1.73194687737752 0.00263221381483184 0.0130676447565814
"ENSMUSG00000086994" 5.78894971862796 3.61964387475494 3.02387866210817 0.00412341467224094 0.0188087891161148
"ENSMUSG00000087060" 51.5150148098512 -3.57801567314086 1.06978910407596 9.38420328402698e-05 0.0008383333366999
"ENSMUSG00000087122" 7.43288322313656 2.676995301638 1.85644822908856 0.0140138827749779 0.049523972308323
"ENSMUSG00000087248" 93.2595907550075 2.67997916104411 1.07528093658388 0.000511175839283383 0.00344621668940115
"ENSMUSG00000087266" 59.8468749782189 2.21590213145378 1.06157331123975 0.00207104741399351 0.0107934055171178
"ENSMUSG00000087293" 6.2671390219585 3.51638920302497 3.38214925638033 0.00467028351323782 0.0208097595971893
"ENSMUSG00000087305" 445.689329833403 1.98461496207052 1.36707937369653 0.00596315934636952 0.0253132237275399
"ENSMUSG00000087480" 10.5386995949869 5.34920344769309 2.67816421323397 0.00037499557047618 0.00267375093451977
"ENSMUSG00000087486" 6.29041614131446 4.19095750544092 2.67783785744552 0.00194573121647729 0.0102606158164985
"ENSMUSG00000087606" 601.109455881536 2.94153502568876 1.00757319079856 0.000117623629961288 0.00101366128672369
"ENSMUSG00000087623" 8.92424039476299 4.86061610486692 2.78444138670887 0.000985548236237473 0.00587744061455633
"ENSMUSG00000087658" 10.5802667895202 2.95019814829266 2.18548815471587 0.00950884665879732 0.0365269734721076
"ENSMUSG00000087698" 42.1433283452185 2.18081511568168 1.21817605796584 0.00372713055036591 0.0174019760197057
"ENSMUSG00000087742" 10.2019112896642 -5.05508024269899 1.56610738170186 9.91215394038472e-05 0.00087726948281228
"ENSMUSG00000087793" 5.64939025449602 1.20100194005462 2.55559859482281 0.00888458488279938 0.0346412216034606
"ENSMUSG00000088901" 10.8908855130842 2.70065079492911 1.53583840228777 0.00643863976644659 0.0268415324319434
"ENSMUSG00000089636" 8.66413043327225 3.03321779782318 1.80819540290929 0.00940061086043234 0.0362015822931012
"ENSMUSG00000089709" 51.4077532892163 1.87297447674853 1.11445047499294 0.00627672243543094 0.0263698807295714
"ENSMUSG00000089789" 6.15946780125362 0.870130149726628 1.60678253502135 0.0099827475213517 0.0380188339531753
"ENSMUSG00000089818" 7.41659521385709 3.3489885890173 4.47756555988439 0.00502269092253727 0.0220267186653344
"ENSMUSG00000089901" 10.621999259087 -2.41558928605664 1.47209000198436 0.00866364708037358 0.033945204486118
"ENSMUSG00000089965" 15.8157004365487 -3.30429503226327 1.94822082973325 0.00495878487132735 0.0218134187368132
"ENSMUSG00000090062" 78.9515638521717 3.77059350002289 1.17962960512429 4.23584564885651e-05 0.000427658995419085
"ENSMUSG00000090075" 20.0657859210932 2.56341459636843 1.10593552512393 0.00136104270850709 0.00764922063938152
"ENSMUSG00000090584" 70.7722834185914 4.58119663540234 1.42060277173864 3.9640624529431e-05 0.000405986570321392
"ENSMUSG00000090608" 21.5233843919267 4.14856485196907 1.25781030712585 0.000166574020740088 0.00135660161353552
"ENSMUSG00000090709" 11.9948819825251 4.83989061648179 3.45026981885612 0.00179986368842698 0.00963218916278723
"ENSMUSG00000090778" 10.7229368253329 2.25017443368406 1.30671145857279 0.00785770257088384 0.031465418783347
"ENSMUSG00000090958" 63.2713924823014 3.49174374932803 1.43982058017765 0.000374076590658827 0.00267372605705379
"ENSMUSG00000091091" 20.1721518377489 1.8916035024623 1.11147265464659 0.00736176633765589 0.0298379027934738
"ENSMUSG00000091184" 15.8540649188438 4.45111270842896 1.47737836227564 0.000753846285365709 0.0047164320925508
"ENSMUSG00000091280" 5.768093342314 3.67817167945869 2.94444235895912 0.00383808747917727 0.0177872558674181
"ENSMUSG00000091297" 5.93464104044261 3.71039224603171 2.98011889961471 0.00377653925928738 0.0175700316203953
"ENSMUSG00000091326" 19.3944485828358 2.28872282753554 1.20131218784169 0.00389326963519874 0.0179762648299273
"ENSMUSG00000091412" 12.575819288127 -1.82371784974618 1.07144072544859 0.0119582935250618 0.0437996314023596
"ENSMUSG00000091426" 22.8472237647688 2.05991980201287 1.04105032800008 0.00397355269194183 0.018258442670393
"ENSMUSG00000091679" 22.8415261232356 3.24368076054708 1.15143793685733 0.000363968507272308 0.00261685768600313
"ENSMUSG00000091682" 5.13736398274516 -4.60011370568118 2.08366454480805 0.00128215083576609 0.0072774066450038
"ENSMUSG00000091998" 39.6786788785197 7.95681145812579 2.8274949979346 1.40579789917399e-06 2.18652951627357e-05
"ENSMUSG00000092540" 16.2213484090378 3.07005928568989 1.19924039471496 0.000982725662919584 0.00586235571420147
"ENSMUSG00000093189" 10.8838716864386 2.25020987379226 1.32640259583037 0.00799639106278571 0.0319185420151346
"ENSMUSG00000093726" 34.2513140884408 -3.71123046064025 1.00176380788357 2.18481767791898e-05 0.000241307140771593
"ENSMUSG00000093772" 18.9114953420108 2.81368616511934 1.309638041725 0.00198515127404216 0.0104291806596838
"ENSMUSG00000093966" 39.4557808573128 2.61385035877085 1.02720447183387 0.000549324359935664 0.00364985153976346
"ENSMUSG00000094023" 9.57466237387995 4.95743989657315 2.82716513128878 0.000929898090688282 0.00558944204788023
"ENSMUSG00000094212" 41.5038944838163 8.1813026976449 2.7166782146126 1.00186072099975e-07 2.10495988880641e-06
"ENSMUSG00000094220" 7.65207723175521 2.61176534772008 1.87729527212646 0.0138375577492011 0.04902210947565
"ENSMUSG00000094231" 10.7344691767748 5.49113519898702 2.61645412181755 0.000235699194856664 0.00181421979420229
"ENSMUSG00000094248" 6.50437027764145 -1.93510276580737 1.24318285152331 0.0130424335163395 0.0468272761073099
"ENSMUSG00000094468" 12.4716019059962 5.8583931757606 2.58435984238383 9.14894845628298e-05 0.000822829438051134
"ENSMUSG00000094595" 16.0287946665339 -5.32806078381588 1.04568462155664 6.62940732021896e-08 1.4684540998784e-06
"ENSMUSG00000094619" 34.1383606908199 7.68659011577884 2.79980568076725 2.62466362219192e-06 3.77687206986207e-05
"ENSMUSG00000094626" 6.59202736206003 4.21919655914007 2.74522325421102 0.00202337124650212 0.0105780114146721
"ENSMUSG00000094766" 27.2304782761852 7.40388253467716 2.66035303285041 1.39684541470377e-06 2.17429587431167e-05
"ENSMUSG00000094828" 54.4720000706947 5.72005713907136 1.05800159948501 4.40010322093875e-08 1.01395005328591e-06
"ENSMUSG00000094966" 56.4295376275663 5.77505384108889 1.05887918590277 3.4232833653703e-08 8.03668003217568e-07
"ENSMUSG00000095079" 39.0888274899811 2.49647877314419 2.79270040522569 0.00480323051809346 0.0212977647579041
"ENSMUSG00000095126" 44.6803818700341 8.3199392779217 2.71680173752031 4.87241147793871e-08 1.11380542150549e-06
"ENSMUSG00000095387" 9.52367711179921 5.16174516936134 2.6575852946964 0.000486104020700872 0.00330378954198397
"ENSMUSG00000095426" 9.31554727401713 2.80744691924821 2.18412659407934 0.0120112736553694 0.0439368488805697
"ENSMUSG00000095607" 38.7718668240072 5.97777017061015 1.40393569298547 1.51235023555215e-05 0.000174653749489112
"ENSMUSG00000095646" 10.6236445147004 5.2717479268714 2.76013031594457 0.000529068147521862 0.00354401242020505
"ENSMUSG00000095663" 9.73268278931294 5.08739874944539 2.74825259980377 0.000675058674768475 0.0043194253399613
"ENSMUSG00000095736" 13.7132491602664 5.97432848214721 2.65348907615082 0.000100460258752767 0.000888331607238217
"ENSMUSG00000095958" 33.804491566969 7.81422621847731 2.6843772629444 3.36939240354357e-07 6.26926389355148e-06
"ENSMUSG00000096096" 40.197173005073 6.07336151229794 1.34867178832471 7.46845395716932e-06 9.41022240384539e-05
"ENSMUSG00000096149" 20.9268847038445 6.81472239674911 2.69551848139638 1.53139622611166e-05 0.000176445779462474
"ENSMUSG00000096393" 14.2700844443367 5.93931184697131 2.75314707038129 0.000167794887163816 0.00136334872865287
"ENSMUSG00000096478" 4.3279130554063 1.81949893629784 4.11195324127559 0.0106276839521208 0.0400178716886898
"ENSMUSG00000096551" 27.865737720625 7.3861737002752 2.71012184638998 2.7800188974215e-06 3.97185271330177e-05
"ENSMUSG00000096606" 5.71385046664627 3.69527154703191 2.90940329204997 0.0037391369517377 0.017441748439519
"ENSMUSG00000096656" 74.6763462041277 6.20536428332414 1.06021010977632 4.0406890889102e-09 1.16458016075478e-07
"ENSMUSG00000096678" 36.8335465000401 5.90831026941901 1.35590882505077 1.20184722748215e-05 0.000142328882439893
"ENSMUSG00000096746" 6.18767650151566 3.70680304235156 3.09656537683175 0.00391259035501979 0.0180488081829119
"ENSMUSG00000096825" 45.887893659838 6.2738187902664 1.33050166653123 3.23812747969419e-06 4.55478381496787e-05
"ENSMUSG00000096900" 17.7299019708896 6.44802432528859 2.71296210444966 4.60296735386195e-05 0.000455559391449514
"ENSMUSG00000096908" 12.6616480837441 5.82468668976001 2.63819025606781 0.00012980633130071 0.00110203151047402
"ENSMUSG00000097030" 11.8166363274208 5.68239236243367 2.61915267355206 0.000160700403895464 0.00131734814701519
"ENSMUSG00000097075" 7.84215481597588 -2.01283266355556 1.14040794095445 0.00890290294631598 0.0347058789187706
"ENSMUSG00000097108" 9.96189538472859 4.90166881528169 2.9647495986462 0.00120053182882533 0.00690034508435376
"ENSMUSG00000097250" 8.7833186446265 0.530449275270285 1.11472285576003 0.0111083769354476 0.041368414720317
"ENSMUSG00000097322" 4.34960429319276 1.80605424525236 4.12037083396466 0.0106045441332411 0.0399457799911654
"ENSMUSG00000097323" 4.68602990377868 2.38798269300276 4.22953372539869 0.00870291722912884 0.0340597704277747
"ENSMUSG00000097373" 26.5134081179953 5.38275212331723 1.38274268330904 6.39280948183344e-05 0.000601453317288958
"ENSMUSG00000097404" 11.8578194934235 2.31280248801635 1.43279939033615 0.00783033840661546 0.031368401523958
"ENSMUSG00000097476" 33.5815575508799 3.52946645151781 1.20269946513085 0.000184365176975946 0.00147565917161779
"ENSMUSG00000097494" 110.376482824036 1.77688459131111 1.95851218644323 0.0100818065799841 0.0383304115591792
"ENSMUSG00000097523" 13.012162900058 1.88374489357972 1.14305281408048 0.00980785252693224 0.0374240111109688
"ENSMUSG00000097569" 47.1469773805987 1.73417848973781 1.0433463102725 0.00782903618875677 0.031368401523958
"ENSMUSG00000097586" 23.9456664265831 7.02225589434396 2.75746086312261 1.38730217334658e-05 0.000161989597614001
"ENSMUSG00000097619" 17.8525213940014 1.83040255843178 1.11571066066524 0.00875135437344156 0.0342218162615011
"ENSMUSG00000097635" 10.3557560108751 3.54846718958542 1.55914650282433 0.00380073489374496 0.0176508705234935
"ENSMUSG00000097636" 571.252324278753 2.25176247695265 1.04082466232196 0.00147639611817578 0.00814869623503088
"ENSMUSG00000097697" 16.5966056903872 4.4056965564401 1.53129890561936 0.000860233939013669 0.00526028714403895
"ENSMUSG00000097755" 9.2387630403837 -2.69136341433348 1.41124218817146 0.00508314377140045 0.0222187591161608
"ENSMUSG00000097779" 82.4769372640126 2.11880021104633 1.02162069677596 0.0022323724332475 0.011469795378838
"ENSMUSG00000097893" 3.25492820401849 -4.63135128410117 4.14888328386448 0.0105095259651601 0.0396251721687336
"ENSMUSG00000097914" 18.574255268939 4.63462916541269 1.55267400757904 0.000652703800791358 0.00420598628332112
"ENSMUSG00000097925" 16.1011093788073 2.21355954521287 1.51200628816418 0.00744128239884566 0.030123564165495
"ENSMUSG00000098138" 8.01781744752011 -1.99044682928422 1.03180664830803 0.00689199577549321 0.0283649587451472
"ENSMUSG00000098187" 6.4309213859926 -2.62087434474443 1.44118588064438 0.00590611145167542 0.025113529178659
"ENSMUSG00000098447" 14.3683743787687 2.0203578307036 1.38354335794279 0.00913950356347149 0.0353936786595463
"ENSMUSG00000098715" 16.1233706295475 6.07737847039352 2.84962868641933 0.000184794791431925 0.00147791500128803
"ENSMUSG00000098799" 12.9589471289914 -3.62789122908918 1.29314166606782 0.000494621169362857 0.00335256273452927
"ENSMUSG00000098970" 12.8140964939652 2.65744977281411 1.18976555466684 0.00257166424551329 0.0128179487263287
"ENSMUSG00000099160" 8.81452991565022 2.4568527903286 1.38779352300071 0.00851036726260735 0.0335153309680394
"ENSMUSG00000099202" 7.47844526175989 4.33288342873149 2.873389205615 0.00199739116918598 0.0104824028112458
"ENSMUSG00000099517" 116.567281449243 -4.10451549944832 1.08596169855058 1.92366608147127e-05 0.000215558369532708
"ENSMUSG00000099825" 20.5584089502347 1.92710489186447 1.6187228989462 0.0108878568911021 0.0407749323227531
"ENSMUSG00000099974" 7.11464567103128 0.589625353654708 1.17366902380271 0.0129887055722712 0.0466930425694769
"ENSMUSG00000100002" 16.4125222679156 3.77364581023372 2.29469904956209 0.00469983417613444 0.0209121852619782
"ENSMUSG00000101007" 21.2403477444782 2.40272354885611 1.48681078329256 0.00472307295106138 0.0209935344815844
"ENSMUSG00000101133" 10.9961436748202 2.28679164820259 1.2257236787181 0.00594616988484188 0.0252516539355854
"ENSMUSG00000101258" 12.7969076879347 3.05426330996641 1.47282064931465 0.00338383765058312 0.0160883101228817
"ENSMUSG00000101483" 8.35206270512508 3.91253605822672 3.70227550081471 0.00364381236280149 0.0170687435317929
"ENSMUSG00000101517" 10.7456793658128 5.53441168052052 2.58291838588247 0.000188147763885764 0.00149933528814464
"ENSMUSG00000101595" 14.7694939407903 3.3174064014253 1.34582256162368 0.00133600293954917 0.00753602109330584
"ENSMUSG00000101930" 7.80988062674017 4.03459524229435 3.31243950900445 0.00318960782595978 0.0153251346948949
"ENSMUSG00000102018" 9.08566740953371 5.04637506971816 2.67608059749573 0.000614537422172781 0.00401305175262813
"ENSMUSG00000102148" 58.2110446805272 8.71509432846179 2.82097341958309 5.16626477773943e-08 1.17160576059347e-06
"ENSMUSG00000102172" 6.02994296595212 0.921013546025617 1.71750968815371 0.00964192345479502 0.0369247085856423
"ENSMUSG00000102235" 18.4352511812044 3.38125183759288 1.09400220617288 0.000250009664636696 0.00190575202441433
"ENSMUSG00000102280" 11.1332770374849 2.12165625726814 1.50242350362522 0.0112019729797391 0.0415930691555115
"ENSMUSG00000102561" 124.586494828626 6.92091407106789 1.25593020046473 1.20868199917192e-08 3.09949453172267e-07
"ENSMUSG00000102617" 22.7053790452087 2.45450075774776 1.66008013078124 0.00520025026237576 0.0226169614585866
"ENSMUSG00000102691" 131.568924395279 2.71277674898039 1.09527615849915 0.000489684275964041 0.00332586244069024
"ENSMUSG00000102703" 6.40252916591514 3.59468629778039 3.31249834301173 0.00438379546314379 0.0197450215738482
"ENSMUSG00000102742" 10.3855458423138 5.19151608192163 2.78386590588454 0.000627055457149577 0.00408014419450418
"ENSMUSG00000102831" 32.7538649731112 2.55093662495609 1.40163744572895 0.00274449595041263 0.0135210364532398
"ENSMUSG00000102840" 5.20383873673416 -2.92042852079246 1.525855916314 0.00474908743077408 0.0210951025517084
"ENSMUSG00000102975" 17.4177441307825 0.997555160129392 2.04730544521537 0.00859127104888789 0.0337624014080859
"ENSMUSG00000103075" 23.0063834681398 5.08063637016448 1.4175671269981 0.000146960119513519 0.00121920211966379
"ENSMUSG00000103081" 13.1069473983078 1.92533080138899 1.15791491683252 0.00936990492534305 0.0361181033564679
"ENSMUSG00000103348" 157.720285643575 3.51038559892505 1.45624492649459 0.000305544772742033 0.00225516846656315
"ENSMUSG00000103349" 12.5881415172316 3.5346485462289 2.01279112200097 0.00563046326534361 0.024157127034192
"ENSMUSG00000103360" 46.4441361002751 3.60758928159588 1.42145779286327 0.000359774738159612 0.00259460306082956
"ENSMUSG00000103424" 10.330014745473 0.995671836823317 2.07506480970547 0.00360917669980317 0.0169461859975265
"ENSMUSG00000103493" 7.23243504318844 3.78718175856957 3.39567335354252 0.00384967356017782 0.0178160968418965
"ENSMUSG00000103594" 35.9142156256569 -7.54417594053215 1.17247616806094 3.81643457166557e-11 1.63648094187125e-09
"ENSMUSG00000103630" 8.91361972261284 2.99928002249044 1.78391831261731 0.00890951228970917 0.034722529434074
"ENSMUSG00000103680" 11.2774394980227 1.98169942601049 1.16461302416094 0.00912484242838443 0.0353574386386178
"ENSMUSG00000103728" 21.8013594899497 6.70919063676105 2.84575175417406 5.28459035441948e-05 0.00051286936569189
"ENSMUSG00000103771" 12.2418436374875 2.46337199846231 1.33728372728142 0.00540489125237577 0.0233546413545086
"ENSMUSG00000103839" 14.4913655172011 1.98025342200075 1.16034457781283 0.00749624892121363 0.0303154005099303
"ENSMUSG00000104020" 18.8731120780364 3.80806677277487 1.40340718423383 0.000695928958762986 0.00442325104327208
"ENSMUSG00000104061" 16.0527877402689 4.48574160055031 1.46049991557981 0.000672090020105626 0.00430593996865879
"ENSMUSG00000104068" 64.4908955820231 2.54739290904713 2.11729996725547 0.00385426011780941 0.0178290728206345
"ENSMUSG00000104094" 7.93680639707485 4.31523137784771 3.01774791098588 0.00225041935940765 0.0115358503400491
"ENSMUSG00000104150" 15.2641370676195 1.82444022179528 1.21787129185992 0.0115361191869192 0.042598714961496
"ENSMUSG00000104168" 15.0778408050493 2.25304065202541 1.04576102255473 0.00307825917696987 0.014850781490051
"ENSMUSG00000104301" 10.4452364827859 5.29119058528436 2.71867864806898 0.000463757580418831 0.00318000655589217
"ENSMUSG00000104370" 26.7890096026684 4.33982674270825 1.46486081262424 0.000276909926433915 0.00207911124194113
"ENSMUSG00000104415" 15.2985862633211 6.10285193283091 2.7354166304139 0.000112337586862997 0.000974404341905318
"ENSMUSG00000104418" 5.00393779284502 -2.4560800190126 1.41173409508537 0.00715412447264585 0.0292452069695202
"ENSMUSG00000104592" 19.4991766246314 2.14592561085758 1.02234621813767 0.00309513273361432 0.0149249867255915
"ENSMUSG00000104620" 38.0096613293977 7.9593367415014 2.75172204416608 5.08838749953546e-07 8.99098292983288e-06
"ENSMUSG00000104629" 8.07945274002329 2.97800802069471 1.65142203623665 0.00891064611464362 0.034722529434074
"ENSMUSG00000104662" 23.6132222810393 2.69789414601721 1.09393295210792 0.000928493226131465 0.0055838008145164
"ENSMUSG00000104670" 5.71138029046599 0.916333821198582 1.69597282092081 0.0104599817983772 0.0394532445655555
"ENSMUSG00000104676" 27.0613739234957 2.22748167635954 1.14206269269932 0.00294644352350914 0.014321935202243
"ENSMUSG00000104721" 10.6782455831834 5.46642424817503 2.61843386171924 0.000248579659089467 0.00189789062055984
"ENSMUSG00000104828" 8.52360772999495 0.608175840162644 1.20245058293554 0.00929230355227624 0.0358812076549478
"ENSMUSG00000104943" 24.1114647777957 4.03587614835385 1.61218796711866 0.000785344038787684 0.00487537289380238
"ENSMUSG00000104962" 32.433215606886 -3.44298339649372 1.16994932993371 0.000343609212302992 0.00249650252978004
"ENSMUSG00000105042" 6.78243456938484 3.76281757041708 3.26646922263542 0.00386645450639765 0.017873081358208
"ENSMUSG00000105089" 22.0646415872254 2.89601463635999 1.11271783340241 0.000690947177300083 0.00439717640482223
"ENSMUSG00000105140" 24.0425283706503 7.18860098724516 2.623670620527 2.04846622950412e-06 3.03057851498087e-05
"ENSMUSG00000105156" 4.78700534008316 2.93209514059286 3.33153559305836 0.00691712665230183 0.0284508260948676
"ENSMUSG00000105216" 16.502297106314 2.79094357167835 1.00614718681409 0.000604969531132844 0.00395734005888857
"ENSMUSG00000105380" 11.9166463624867 2.11362437151481 2.38709420620776 0.0134941521477857 0.047992537564013
"ENSMUSG00000105391" 10.3531407286526 0.481927137770728 1.0700157754535 0.0102596166909455 0.0388587110494779
"ENSMUSG00000105421" 17.4351456618801 2.74463326730364 1.1428381441849 0.00128702437447202 0.00729885498672789
"ENSMUSG00000105453" 81.0467449091162 3.65838381324327 1.19028128400754 6.29603127906085e-05 0.000593266059039157
"ENSMUSG00000105591" 6.94776635845928 -7.29338530611489 3.20387883958563 0.000169685866143151 0.00137689926758431
"ENSMUSG00000105801" 15.5684462196085 1.92135973188153 1.16270419646659 0.00868371064285804 0.034010411135856
"ENSMUSG00000106058" 6.16966858243686 -0.924193290684426 1.80957680579181 0.0125788423251884 0.0455388242874967
"ENSMUSG00000106093" 10.3947794557884 2.81425435198964 1.34937983290614 0.00435463699797673 0.0196262841896193
"ENSMUSG00000106229" 21.6470416151267 2.85659490321599 1.13371202517103 0.000853257565169217 0.00522561476378282
"ENSMUSG00000106259" 10.3076513417779 5.42854979472142 2.59773952427109 0.000248338158931069 0.00189734906605777
"ENSMUSG00000106497" 34.1061928708692 4.12853094922219 1.46672595902443 0.000248598811412198 0.00189789062055984
"ENSMUSG00000106536" 66.273840211164 1.81550614161371 1.12440162582714 0.00697794237865959 0.0286597132357185
"ENSMUSG00000106706" 18.5139255541943 2.25668002665637 1.15633450228041 0.00383810600558827 0.0177872558674181
"ENSMUSG00000106768" 153.788688121346 1.73404954536378 1.4565413716497 0.0108499479150375 0.0406405726959887
"ENSMUSG00000106772" 4.02658386869615 1.96847193291252 3.7397892518493 0.0110728461746534 0.0412965203686656
"ENSMUSG00000106773" 5.33031778991135 3.4638904860745 2.98334636712541 0.00463134136386349 0.0206961773815902
"ENSMUSG00000106961" 7.51852269968003 4.69596356317946 2.60782663981694 0.000899441949536946 0.00545501451626379
"ENSMUSG00000107012" 8.50427861646284 2.62211112474491 2.06507190093356 0.0133135621199455 0.0474768888434926
"ENSMUSG00000107049" 175.855102409847 2.83783139116339 1.22846978989928 0.000620249086966836 0.0040463869006884
"ENSMUSG00000107133" 13.5291880897521 5.30546049406917 3.19729355229033 0.00100164642236781 0.00595124436466216
"ENSMUSG00000107199" 24.9882270324292 4.45707198618328 1.1781502889489 3.99567407928276e-05 0.000408596487391686
"ENSMUSG00000107263" 16.1005011018552 -2.69647375172611 1.80000550475414 0.00849470738499181 0.0334668381159358
"ENSMUSG00000107271" 703.728647083685 0.547763963682242 1.1449802310484 0.00249998285744705 0.0125482201040542
"ENSMUSG00000107452" 4.49179474138677 -6.20852303251077 3.30166652896375 0.00140615818689879 0.00784327274242877
"ENSMUSG00000107634" 5.75715394667773 1.12006515568423 2.27686771158021 0.00884208159743151 0.0345232553743931
"ENSMUSG00000107733" 9.17359868932575 5.14576970225934 2.60206939141189 0.000425588934078735 0.00295269852911649
"ENSMUSG00000107855" 15.1817846206494 3.05518847751258 3.32903931379906 0.00834770283862557 0.0330177481072155
"ENSMUSG00000107869" 7.83426541004278 4.6287985686145 2.73897637774495 0.00123744954625451 0.0070698274276443
"ENSMUSG00000108101" 15.3874447518159 1.92381092914338 1.1053766555213 0.00768710005704483 0.0308811760074334
"ENSMUSG00000108233" 4.27259408726759 1.11358760595645 2.06127024411397 0.0137857036041845 0.0488730314588618
"ENSMUSG00000108283" 15.9731501452403 3.05960243817105 1.12465575245454 0.000687946024365991 0.0043836560622391
"ENSMUSG00000108393" 39.3787555615107 3.85871699436108 2.01211361309175 0.00115420277608233 0.00668588587523857
"ENSMUSG00000108478" 146.174810313163 7.16856131206205 1.25107938299456 3.77727012580097e-09 1.10135505912932e-07
"ENSMUSG00000108524" 28.6743938321821 4.59587689106968 1.27496562827404 5.40822183993432e-05 0.000521735551622249
"ENSMUSG00000108557" 142.381755843526 1.98259285988346 1.16387893840929 0.0046926457628169 0.0208907857885296
"ENSMUSG00000108668" 5.13392785871487 -3.37181684085637 2.07323461318729 0.00638667320081984 0.0266860742349694
"ENSMUSG00000108850" 16.158448680647 4.43654027904089 1.52822909994352 0.00088733888030298 0.00538651055654634
"ENSMUSG00000108985" 157.994904344469 0.432687055229203 1.03740819157 6.39636222192262e-05 0.000601504641104354
"ENSMUSG00000109002" 420.182132045026 0.552122527874822 1.15351051183089 0.00127754933088567 0.00725540650663692
"ENSMUSG00000109214" 4.55777510923399 1.94128106457089 4.55205904275672 0.00985220439965661 0.0375789077806887
"ENSMUSG00000109293" 21.6951518451992 0.600644219439189 1.1966646387791 0.0107981890699671 0.0405073851795729
"ENSMUSG00000109393" 37.8658157934096 2.47207326918791 1.19245881236053 0.00187171300537222 0.00993841346786702
"ENSMUSG00000109462" 9.70656527330661 -3.2435724771223 1.89782023152072 0.00492341934366264 0.0216816895006473
"ENSMUSG00000109558" 14.889643766125 2.4871729521236 1.6815308621335 0.00675058826310408 0.027886259074475
"ENSMUSG00000109565" 5.39444944860555 -2.22537411721344 1.44781167664322 0.0111917184557566 0.041578148690944
"ENSMUSG00000109632" 20.614353005597 3.5847913665911 1.72112889522894 0.00178509594108513 0.009572517161819
"ENSMUSG00000109910" 28.7111530144292 -2.86698687576262 1.26454079841193 0.00215751138907804 0.0111654703245379
"ENSMUSG00000109959" 10.5955785897377 2.72634891080468 1.35281823607597 0.00440377361679654 0.019815530254744
"ENSMUSG00000109982" 13.4905749884023 2.73514783161595 1.20719936336967 0.00224979203384553 0.0115355909410352
"ENSMUSG00000110038" 11.4621768990389 2.9666243182667 1.36512788928489 0.00335841535607956 0.0159826371525823
"ENSMUSG00000110440" 11.9742163115949 1.93431358172096 1.60593309717824 0.0132457084048083 0.0472939413625447
"ENSMUSG00000110914" 28.8049636632127 2.84954038764258 2.53839250789794 0.00410826400624064 0.0187624346544612
"ENSMUSG00000110917" 5.02878556470724 2.78008850246506 3.73074602631196 0.00734135092273952 0.0297734843429245
"ENSMUSG00000110967" 14.471992324519 3.34264262113033 2.39124074939631 0.00640759740823647 0.0267344103795465
"ENSMUSG00000111013" 26.4268600579872 3.80046566103803 1.87297418423502 0.00139504338027047 0.00778818868048872
"ENSMUSG00000111052" 60.9451387141696 6.62729716260088 1.50345646950234 5.3686488603975e-06 7.05543459301385e-05
"ENSMUSG00000111254" 7.28481201232376 4.24633700457745 2.91755552085751 0.00226271055916947 0.0115869781373548
"ENSMUSG00000111378" 8.66811103345513 -2.10385745142007 1.19985311940787 0.00844542440521154 0.0333251881935374
"ENSMUSG00000111381" 10.178710951301 2.87540486374411 2.17812964202605 0.0102269333597602 0.0387569384353777
"ENSMUSG00000111434" 10.5781974798283 5.24480348792527 2.77137768065513 0.000564529184995841 0.00373526720419676
"ENSMUSG00000111447" 12.3540281754485 2.16720993280071 1.10766363854022 0.00511150556773762 0.0223134732356805
"ENSMUSG00000111617" 15.4298871255454 -4.49540589566999 1.28507575250316 3.91133088749402e-05 0.000401614170491044
"ENSMUSG00000111651" 6.74306072749592 4.27443155849319 2.74067111361416 0.00189056409457573 0.0100278607848591
"ENSMUSG00000111857" 14.2386469369454 -2.36206116063825 1.30263733951992 0.00654376231391367 0.0272004018709271
"ENSMUSG00000112133" 7.2134869881873 -1.92846088149662 1.22836232153106 0.0135595054004189 0.0481992584004226
"ENSMUSG00000112193" 11.2651826509813 -5.97559138875718 2.07305415623632 0.000175512552730251 0.00141549977413788
"ENSMUSG00000112222" 5.03025557854837 -3.00865461381791 1.75288179401602 0.00615468320468869 0.0259498257715395
"ENSMUSG00000112265" 7.62791746219542 3.86178471408356 3.46248489351092 0.00368799662085459 0.0172393803249202
"ENSMUSG00000112402" 8.02385173784916 3.00095826786147 1.62779082338587 0.00859167199115874 0.0337624014080859
"ENSMUSG00000112406" 4.07967566254547 -3.76461506486412 2.26062261236468 0.00338863290142829 0.0161072802505629
"ENSMUSG00000112733" 5.44771408390595 -4.85240876915495 1.95411300060389 0.000571670320853625 0.00377502468065837
"ENSMUSG00000112805" 8.59327246687858 4.90023995625662 2.68962431213841 0.000787298551885947 0.00488598995805855
"ENSMUSG00000112813" 14.7209894925861 4.18425349472414 1.62316126157793 0.00167189084269282 0.00904793307238687
"ENSMUSG00000112932" 10.6679046319103 -3.79245958002465 1.27451023221024 0.000296207537148591 0.00220168827872394
"ENSMUSG00000113119" 9.00806640989606 0.61627719784458 1.21467704817158 0.00830026561614131 0.0328756263077344
"ENSMUSG00000113216" 316.782401690494 3.56931254343295 1.04077350165622 1.60742842689911e-05 0.000184356556163051
"ENSMUSG00000113321" 5.75988144032429 3.65883150589948 2.94647853550604 0.00389454590046042 0.0179780076392821
"ENSMUSG00000113357" 21.7331760835743 2.80483262148343 1.11548476449915 0.000824330563233231 0.00508706501321446
"ENSMUSG00000113497" 55.8230751725751 8.5874759290065 2.85280653407602 1.69582227464126e-07 3.37510817287309e-06
"ENSMUSG00000113669" 35.118898561022 7.41056463043993 3.08114032085453 3.9712732238422e-05 0.000406308987331416
"ENSMUSG00000113776" 212.775748981616 1.70648962869007 1.00617066918152 0.00716607322604921 0.029276006935566
"ENSMUSG00000113910" 17.9045558210195 2.5854597394983 1.06695834840185 0.00137143070660877 0.00768816059237351
"ENSMUSG00000114019" 14.2167855687908 1.96769680466662 1.13395781983641 0.00740082494147591 0.0299779871363712
"ENSMUSG00000114136" 9.67117567544672 5.2391121009216 2.62820997792688 0.000391909885671433 0.00276800195381356
"ENSMUSG00000114241" 5.44890181747915 -2.38958568281861 3.07006033207623 0.0132505294084849 0.0473027109099616
"ENSMUSG00000114329" 28.3750796474175 7.26556308211464 2.83401265620584 1.27327025170041e-05 0.000149987936245651
"ENSMUSG00000114348" 6.85526622357343 1.0774968638802 2.22111962638793 0.0069382625463159 0.0285260282531163
"ENSMUSG00000114370" 23.5784376430455 2.00819642403396 1.76428748032283 0.00942166688093625 0.0362617242548561
"ENSMUSG00000114382" 37.596209254156 4.54997884307686 1.00463093231302 9.57010599662874e-07 1.57548362258904e-05
"ENSMUSG00000114390" 9.64933078129769 3.37449540924441 1.66028486774623 0.00574093715651443 0.0245154195142189
"ENSMUSG00000114436" 9.60101239009834 4.7841192831268 2.98732386085748 0.00139094664790358 0.00777360012611551
"ENSMUSG00000114467" 21.8163395603104 2.44491559594213 1.21443544544157 0.00267316572214285 0.0132413721580736
"ENSMUSG00000114483" 23.559380534543 6.68869617893838 2.99335358430535 0.000104676876393383 0.000919116278147694
"ENSMUSG00000114484" 12.5914062578661 2.29177557545132 2.19000320957069 0.0109376082591324 0.0409076365742646
"ENSMUSG00000114537" 212.245945482084 2.07816423758141 1.16464303284806 0.00361357987646636 0.0169615361571362
"ENSMUSG00000114585" 26.9849618046475 2.53842529259492 1.05219077727096 0.00107843566283311 0.00632758702289272
"ENSMUSG00000114586" 6.10898108763763 3.91533718948236 2.83552387419844 0.00294913429379435 0.0143280505573171
"ENSMUSG00000114610" 7.44216018490463 -3.9526126380392 1.57090355170976 0.00102650169105629 0.00606024118333036
"ENSMUSG00000114621" 3.76911098945453 1.56292500948513 3.05845244417847 0.0132677766608783 0.0473558295451264
"ENSMUSG00000114696" 28.4814918785248 2.66958087538706 1.00449630259314 0.000556023463614391 0.00368630471303117
"ENSMUSG00000114698" 23.1231505207797 7.02954349012234 2.6865443729938 7.29949098519755e-06 9.23494109335366e-05
"ENSMUSG00000114851" 5.09975414912494 1.76394441884641 5.34113897819121 0.00891954087383689 0.0347301258630495
"ENSMUSG00000114884" 10.3031278469322 4.93530230198374 2.99580183852466 0.00119619946819202 0.00688727166458743
"ENSMUSG00000114946" 7.2363152481927 4.32651363906411 2.82787873890119 0.00194048731529015 0.0102410626069746
"ENSMUSG00000114968" 21.6516156622568 3.35970405812994 1.41382174099247 0.000988956425998776 0.00589249521383006
"ENSMUSG00000115062" 32.3946615194876 2.57293464204722 1.15230293631247 0.00137680417435154 0.00771179980268256
"ENSMUSG00000115095" 6.14495257456292 3.68816327201469 3.10919460602732 0.00398732794780633 0.0183133257432887
"ENSMUSG00000115111" 12.5867647684132 -1.82100848498048 1.11267019921771 0.0136365822425468 0.048421608026881
"ENSMUSG00000115205" 11.5577224877175 -2.04826457261766 1.14368853603815 0.00887347480322547 0.0346076962083557
"ENSMUSG00000115369" 5.06414015584601 -6.26928203723811 3.44701268114779 0.00198520700391675 0.0104291806596838
"ENSMUSG00000115543" 7.02470895674644 0.618671754253518 1.2081764460351 0.0122719083031716 0.0446864572874637
"ENSMUSG00000115573" 4.27730229883781 2.19522861181573 3.9267945137639 0.00987112673853751 0.0376439041037612
"ENSMUSG00000116238" 16.7840614266971 3.7265599190863 1.2527418048083 0.000475462081418497 0.00324690766559671
"ENSMUSG00000116321" 19.8108176779027 2.44922295739978 1.39989609804441 0.00422168309188102 0.019151763086547
"ENSMUSG00000116376" 9.7282631818001 3.17716873049993 1.86055044127733 0.00803206771373931 0.0320353775493946
"ENSMUSG00000116738" 74.8828074214831 1.67043534402475 1.28214878257255 0.0118046473225921 0.0433991222785055
"ENSMUSG00000116796" 9.22197141050431 5.0544540423446 2.67325756661842 0.000598580401849581 0.0039216525377646
"ENSMUSG00000116826" 13.9694030716317 3.58354442165951 2.04625053483269 0.00482585690117697 0.0213649379675391
"ENSMUSG00000116842" 12.5688689179734 3.00814539741184 1.43671090106718 0.00320165603911444 0.0153719452938951
"ENSMUSG00000116864" 4.60846874775963 -6.2449470001836 3.31343437260786 0.00139304889844005 0.00778100085635238
"ENSMUSG00000116874" 4.80834678892651 0.935686686883972 1.69398535263956 0.0133661174030228 0.047621852564172
"ENSMUSG00000116912" 9.5093708293725 -2.53141628292788 1.00974498367659 0.00135576266894341 0.00762383044818836
"ENSMUSG00000116927" 8.8775692401461 2.78261148943204 1.97566737759656 0.0114064949411067 0.042227042719233
"ENSMUSG00000117035" 31.0862645820702 7.6029256910811 2.69741557359694 1.11875749367455e-06 1.80754340779308e-05
"ENSMUSG00000117076" 33.0258190992224 3.069683233739 1.37314037884756 0.0010076444665389 0.00597579453224613
"ENSMUSG00000117289" 14.5165363102006 2.99169992379062 1.1079167402622 0.000893704058384599 0.00542350381547595
"ENSMUSG00000117314" 41.2129175050685 -4.29324261084797 1.17686014589069 2.77528277314882e-05 0.000295744304893568
"ENSMUSG00000117541" 6.03610154927647 1.11919642841034 2.29939847677263 0.00829778304217505 0.0328723027153071
"ENSMUSG00000117557" 32.2928052031532 2.66711121011253 1.38620941801779 0.00208501692217543 0.0108520709022516
"ENSMUSG00000117666" 13.8556930697024 -3.15358300332878 1.27338778278839 0.00117457153075083 0.00678618710516408
"ENSMUSG00000117670" 12.1817827530151 3.4852503536873 1.97733352060772 0.00585433376585664 0.0249304628453618
"ENSMUSG00000117788" 6.63357115524687 -1.88141372080164 1.20817750261103 0.0140204599666218 0.0495384632136317
"ENSMUSG00000117990" 11.1601707177238 4.48693597094883 3.72153378016947 0.00249866878356135 0.0125447723415648
"ENSMUSG00000118369" 53.1932217403128 1.89084971337273 1.10144271667337 0.00564714723762298 0.0241975662054273
"ENSMUSG00000118428" 7.69081650934531 4.79412146527716 2.56686567939337 0.000702162038235282 0.00445720250358048
"ENSMUSG00000118623" 10.3553787640425 0.753527509932641 1.43483262395755 0.00483094936095861 0.0213827504133424
"ENSMUSG00000119218" 7.54363094009942 -2.52920913155486 1.07155931098664 0.00191269749854961 0.0101237828436066
